	byte	objetc_number	loadtime
0	0.499782200875	0.372093023256	0.701469603247
1	0.96369284004	0.9726443769	0.997069763419
2	0.909008579429	0.860697212392	0.994101909647
3	0.904058657547	0.870779463618	0.995447356448
4	0.828543460115	0.730429762158	0.976807472647
5	0.200351575645	0.56300917128	0.936778870302
6	0.967716775475	0.979104477612	0.995746777389
7	0.488544261895	0.586913380105	0.990954786292
8	0.966109187722	0.981481481481	0.99227518024
9	0.978309143929	0.99522673031	0.998946507752
10	0.984578711347	0.978118057152	0.992607899624
11	0.127501702866	0.241279069767	0.40838391677
12	0.983662789224	0.976579640193	0.994210023193
13	0.848107203533	0.944443027319	0.846465976187
14	0.834332823608	0.890909090909	0.97886891218
15	0.969908710006	0.987920168067	0.995590550775
16	0.884886085565	0.872590789207	0.990440466722
17	0.972750771665	0.995680345572	0.998583990766
18	0.971149195477	0.986927546138	0.995953097839
19	0.264129241075	0.44841860795	0.846184713378
20	0.892290254813	0.859092036715	0.991994515637
21	0.898504469298	0.872896903526	0.991295924073
22	0.455621395372	0.45641025641	0.926119516373
23	0.941570351222	0.958176358176	0.955147838991
24	0.422758976536	0.769230769231	0.853252119146
25	0.718388378286	0.815033783784	0.992561254037
26	0.561099265254	0.301886792453	0.799928790518
27	0.629449739301	0.882805347006	0.974135461945
28	0.467990841734	0.382934028721	0.895211722227
29	0.98158106702	0.992405063291	0.996890994911
30	0.978655829999	0.994845052646	0.999362983191
0	0.712051451095	0.551020408163	0.844350875844
1	0.564136585763	0.538901069696	0.600916154449
2	0.565455022475	0.656761337073	0.89500715993
3	0.660494528302	0.769696969697	0.991759096825
4	0.716672901207	0.579113924051	0.81788682494
5	0.98608442896	0.963254340039	0.986750316873
6	0.532562139984	0.424528301887	0.934293092499
7	0.779879497456	0.951174168297	0.991033716045
8	0.790482242398	0.702997275204	0.900444608065
9	0.353361551081	0.296630711429	0.696603733099
10	0.521329212562	0.561797752809	0.932601718152
11	0.386654987485	0.43795620438	0.690469915195
12	0.567811596396	0.568421052632	0.790254684104
13	0.389998663579	0.492385786802	0.660973471442
14	0.519258479619	0.535940393643	0.733024087848
15	0.973797237237	0.763888888889	0.876514413551
16	0.902376925128	0.864995178399	0.975629010355
17	0.92350532084	0.864413175912	0.955590668783
18	0.877194542955	0.754940711462	0.937554835931
19	0.456607295111	0.363743310703	0.716941593425
20	0.377929710876	0.454986522911	0.774428187552
21	0.923734568699	0.842105263158	0.95470890847
22	0.235519575124	0.443498817967	0.928699218139
23	0.157867027382	0.576404462078	0.827270874524
24	0.337744460264	0.386503067485	0.852622123059
25	0.65610227983	0.814116663451	0.849359120671
26	0.3824651936	0.24929382964	0.710870030517
27	0.585619147133	0.401477832512	0.799417222673
28	0.904010352469	0.836251709986	0.958863239419
29	0.227121163607	0.4375	0.652149270483
30	0.142133165175	0.173076923077	0.714933859189
31	0.72440090436	0.684786499159	0.916667888833
32	0.58529112634	0.567647058824	0.752068802939
33	0.18236745074	0.0498220640569	0.531802120141
0	0.775620914433	0.711009174312	0.316458322527
1	0.381468085554	0.334383000512	0.736087983878
2	0.416689032104	0.450980392157	0.60740703467
3	0.598938276503	0.816	0.917951017235
4	0.167712776745	0.43354164163	0.839146120142
5	-0.0	0.0	0.0
6	0.0167108681504	0.0778443113772	0.568627394107
7	0.944909590397	0.842705510388	0.938104876351
8	2.78643478276e-05	0.00909090909091	0.0609752326393
9	0.089151573237	0.557249041749	0.701505068007
10	0.049393247843	0.457943925234	0.484422828379
11	0.209295800817	0.410358565737	0.707944972198
12	0.825558042316	0.739130434783	0.720212907385
13	0.0238443405555	0.166666666667	0.64692704055
14	0.879473517999	0.816053511706	0.934505332391
15	0.46285840786	0.468292682927	0.553462783172
16	0.237709649794	0.268554589951	0.819945383549
17	0.0	0.0	0.0
18	0.0146084677074	0.0438796877974	0.085338882935
19	0.979536971631	0.824058989968	0.868316318015
20	0.0275615451326	0.106666666667	0.211103376543
21	0.00323995860231	0.0420019843457	0.121298460765
22	0.200269781118	0.0853658536585	0.154396728016
23	0.000881841185032	0.0264317180617	0.0601719197708
24	0.0788941062666	0.130841121495	0.159770124402
25	0.00993737597608	0.0456852791878	0.168930830654
26	0.0180510469277	0.0326679841897	0.157418528954
27	0.919692643046	0.941605839416	0.909840473203
0	0.834617669227	0.664583333333	0.695867206651
1	0.380895338537	0.264699153512	0.558190977296
2	0.285429205344	0.266666666667	0.851674095793
3	0.194731735556	0.75	0.965305618948
4	0.201868368545	0.266304347826	0.63134087549
5	0.0708870927926	0.21198156682	0.554586242416
6	0.783276075978	0.842190515578	0.982014247713
7	0.638320696948	0.646551724138	0.766477330877
8	0.597618613059	0.654903017241	0.834821552589
9	0.408910417465	0.264912280702	0.695580782542
10	0.679617295499	0.658238235182	0.800331124142
11	0.246210341366	0.189194717158	0.592260976176
12	1.0	1.0	1.0
13	0.0465051173971	0.166666666667	0.493912018853
14	0.887732502158	0.783273131425	0.945111310666
15	0.938218882227	0.96775414905	0.908607102981
16	0.965806549774	0.95916005291	0.952960871744
17	0.981972808479	0.964285714286	0.960081751164
18	0.524734938946	0.490681791874	0.836940344529
19	0.549787839743	0.420283824157	0.67896191602
20	0.496548765359	0.552631578947	0.893091691266
21	0.561064191769	0.461278378224	0.757570816862
22	0.241390019364	0.409350313458	0.67782872935
23	0.17723411165	0.284046692607	0.772649726138
24	0.295111222494	0.624113475177	0.798423823271
25	0.216139287143	0.481770338822	0.894744262605
26	0.472661440492	0.614814814815	0.884355179704
27	0.312907432097	0.314634146341	0.662521688837
28	0.00626144040339	0.0229007633588	0.358223765815
29	0.353935912865	0.336448598131	0.89072200017
30	0.00452645496128	0.133333333333	0.206634304207
31	0.374839670672	0.537908250327	0.824835531864
32	0.358443803815	0.236833105335	0.688029990835
33	0.565817879235	0.534090909091	0.721543427536
34	0.097111808961	0.226721938776	0.547464105549
35	0.618796191729	0.760833333333	0.863780652073
36	0.867430275747	0.948753364295	0.765891085995
37	0.440257215301	0.442176870748	0.75453974567
38	0.655803327484	0.529748031496	0.982815544756
39	0.347077912126	0.332605531295	0.483416431416
40	0.0	0.0	0.0
41	0.446545967745	0.717038875103	0.945832282738
42	0.0	0.0	0.0
43	0.719553429744	0.365384615385	0.288395192782
44	0.224853470542	0.161572783045	0.695388199635
45	0.628193044175	0.817073170732	0.894908182939
46	0.552910281472	0.539510126363	0.650571564776
47	0.942602829626	0.887211668928	0.783710723675
48	0.961859535642	0.873417721519	0.934112953592
49	0.955703994551	0.899822387801	0.895199856048
50	0.401131879363	0.38132183908	0.769022803071
51	0.0976713226	0.232213943044	0.537415512673
52	0.578188783907	0.689655172414	0.781647714436
53	0.0623757406159	0.139920065032	0.354969852001
54	0.844242336881	0.687673145666	0.827232666047
55	0.351084410948	0.190191207468	0.69236772282
56	0.607779204804	0.695933014354	0.971294664133
57	0.594053254406	0.510004001601	0.649189394592
58	0.586228133133	0.533021806854	0.808422817989
59	0.331855911792	0.365384615385	0.825099069636
60	0.24174906016	0.200016530292	0.821558428338
61	0.995178798953	0.873563218391	0.941225612104
62	0.506452378431	0.466216216216	0.560454988385
63	0.571946951666	0.304274084125	0.605168742218
64	0.0723411699612	0.293103448276	0.134592268021
65	0.526569375422	0.540408163265	0.853406309531
66	569375422.0	0.540408163265	0.853406309531
0	0.179802436792	0.352732817265	0.880567157621
1	0.8122708181	0.856429749038	0.888030869077
2	0.757684448593	0.692298402922	0.824206413566
3	0.0103311305601	0.0458041958042	0.196294998963
4	0.77218404581	0.801358333986	0.88023901484
5	0.468278706308	0.425527851459	0.84621827334
6	0.342411115458	0.56386818817	0.626330318634
7	0.0	0.0	0.0
8	0.500915030525	0.593103448276	0.963099683683
9	0.608406980005	0.578940466824	0.906148274386
10	0.193594883046	0.286869893758	0.953913913217
11	0.673991097942	0.62722085801	0.83785985319
12	0.213469275558	0.785714285714	0.585844540736
13	0.806532953285	0.768077109151	0.965520723414
14	0.395171787343	0.468238587425	0.517263158047
15	0.531177359603	0.349857324995	0.85828388557
16	0.589090099347	0.89552238806	0.909538159682
17	0.712659977903	0.567567567568	0.929418406223
18	0.688163458458	0.529859287054	0.879589449447
19	0.975801920429	0.94180678079	0.988540109093
20	0.744934360524	0.61777022756	0.899059858025
21	0.244011701914	0.314538882031	0.763226898633
22	0.39021803644	0.343137254902	0.463056577197
23	0.468922709014	0.283018867925	0.950064418677
24	0.312124302044	0.572139303483	0.813252517288
25	0.77350287436	0.945054945055	0.990167920371
26	0.585026484473	0.702412868633	0.921509969528
27	0.692077084273	0.449367088608	0.411809272036
28	0.518156912427	0.453125	0.601949426074
29	0.330001160965	0.596825396825	0.960949920509
30	0.374940895709	0.457746478873	0.788195793761
31	0.244298421902	0.3625	0.76449746927
0	0.517321106321	0.144155844156	0.24200577415
1	0.707204093036	0.595774647887	0.831420958855
2	0.409641388079	0.218271090612	0.408026520655
3	0.356006052966	0.280297426217	0.689364461849
4	0.546120284855	0.431155806738	0.89817506814
5	0.481296012761	0.490778380006	0.845539048153
6	0.0	0.0	0.0
7	0.66621460066	0.483372579801	0.866823391732
8	0.229236805247	0.323504983389	0.912959116299
9	0.660041752205	0.4	0.25219170076
10	0.481867393244	0.509456781489	0.808046563331
11	0.708146854994	0.74011299435	0.730844282555
12	0.182444962446	0.513164917275	0.898127558499
13	0.290250148537	0.713119623331	0.834990801641
14	0.91341603707	0.95952540107	0.969709962776
15	0.377212714787	0.656353330184	0.968453600881
16	0.936544133878	0.865087519724	0.932291386148
17	0.862869091094	0.728624535316	0.926250488048
18	0.663358092596	0.387931034483	0.90390222701
19	0.64672202339	0.623009685802	0.789977829059
0	0.89067253035	0.842908902692	0.405444137976
1	0.93353203504	0.811864014801	0.842051220517
2	0.56955493971	0.891695702671	0.737731149878
3	0.0407701612236	0.0638245551283	0.605973904703
4	0.161355495115	0.119764773379	0.88799702753
5	0.673573850541	0.643828190158	0.394425541194
6	0.40692551375	0.55303030303	0.50214787175
7	1.01886792453	0.5	0.185206415869
8	0.201641753434	0.177449774498	0.909737952027
9	0.322967196694	0.340659340659	0.809817457317
10	0.171194904709	0.272365196078	0.741034022701
11	0.933142228816	0.820100783875	0.795347075743
12	0.328946401836	0.13679245283	0.255517409767
13	0.0	0.0	0.0
14	0.988157708456	0.969093567251	0.97083023894
15	0.0	0.0	0.0
16	0.270410312817	0.171232876712	0.804142130791
17	0.153795920301	0.149425287356	0.895333958884
18	0.167843068142	0.244751141056	0.912826561274
19	0.459253649217	0.381443298969	0.958894536213
20	0.310231828489	0.0763809102961	0.526462792813
21	0.449624067522	0.337539808917	0.541176370095
22	0.173521965203	0.372670807453	0.776669298408
23	0.0694545864824	0.111622658542	0.868456336062
24	0.864439665238	0.688311688312	0.972152152672
25	0.203222401331	0.175371155885	0.816979589312
26	0.115364692368	0.0919801352494	0.415832843327
27	0.293291312702	0.533898305085	0.957756817824
28	0.0	0.0	0.0
29	0.00673098076025	0.0559440559441	0.609700443366
30	66.0		
0	0.825471497148	0.933333333333	0.931637041495
1	0.66130776279	0.815788197979	0.972505386754
2	0.825136768857	0.891409320606	0.988579681801
3	0.729089498744	0.564	0.957335585637
4	0.708852035792	0.845308883746	0.959128304249
5	0.776051397627	0.909255599473	0.931214606563
6	0.752300417718	0.916666666667	0.895263083344
7	0.693386490362	0.924882629108	0.921676921936
8	0.50519336855	0.39837398374	0.549107004674
9	0.994815945883	0.989473684211	0.983190502062
10	0.721474235418	0.696502119927	0.978131351338
11	0.7157655073	0.79967911475	0.995253624798
12	0.822829077835	0.593103448276	0.949892669573
13	0.871042197138	0.939393252313	0.958927178619
14	0.268827997779	0.401519607843	0.820931227821
15	0.846454215438	0.972911825853	0.981209703424
16	0.961245869917	0.9045090467	0.94733402236
17	0.228935752162	0.205406072254	0.0880036110658
18	0.98123924303	0.959425161202	0.985496609859
19	0.902920601192	0.943217665615	0.995798864558
20	0.345544251549	0.354166666667	0.647889017907
21	0.701364242524	0.483870967742	0.821303609013
22	0.990826890535	0.954867419941	0.987385944333
23	0.558503742083	0.435476410731	0.914339824793
24	0.0967233227793	0.205882352941	0.380689563782
25	0.724120530925	0.89448816305	0.936078543599
26	0.253185531926	0.331733220051	0.951927115218
27	0.987663622821	0.929936305732	0.889727050763
28	0.376572811309	0.604790419162	0.837288739859
29	0.548467551182	0.762226134585	0.810813855249
30	0.000606675631113	0.08	0.347515994215
31	0.496962185153	0.379464285714	0.303893067445
32	0.998884940451	0.995535714286	0.997983639531
33	0.470051751987	0.691109669046	0.946794742671
34	0.974141546199	0.98755186722	0.999112563564
35	0.913411082544	0.893314366999	0.959638014176
0	0.423236779852	0.678842800199	0.868904613355
1	0.977167997866	0.948235007529	0.838925223904
2	0.95454346654	0.965811965812	0.957945822618
3	0.339037215296	0.467455621302	0.853213701258
4	0.354119058689	0.537878787879	0.868028761838
5	0.558566465584	0.460526315789	0.765551708257
6	0.968411696271	0.92700729927	0.969238114726
7	0.771468641002	0.802919708029	0.917817899968
8	0.796410221256	0.64	0.731302319199
9	0.869238788253	0.851674641148	0.910242526148
10	0.965300105774	0.835893120135	0.828475154078
11	0.976881237309	0.98081258915	0.963937894865
12	0.955151390755	0.873333333333	0.901654411765
13	0.852755074663	0.855421686747	0.88293370945
14	0.99177080543	0.979051383399	0.971177688157
15	0.919841155563	0.925117135207	0.99681670186
16	0.679556300405	0.828025477707	0.902896081772
17	0.992307159338	0.995580961472	0.999170515501
18	0.969084175979	0.991111111111	0.998267642132
19	0.891787487484	0.888157894737	0.812773240947
20	0.66912799197	0.701939788951	0.976093768109
21	0.963983247194	0.981617647059	0.99596568277
22	0.634011682147	0.770833333333	0.819379292732
23	1.0	1.0	1.0
24	0.464512882939	0.717948717949	0.954044205782
25	0.812501569849	0.845238095238	0.863357617795
26	0.877367614871	0.98773006135	0.972792727031
27	0.959102414533	0.962264150943	0.978618611658
28	0.411263952657	0.607142857143	0.855837441385
29	0.0158289777909	0.0652173913043	0.0338153065075
30	0.665828544406	0.58708140012	0.79821829953
31	0.883489607635	0.900497512438	0.988595220854
32	0.988800173626	0.973904422637	0.88817666898
33	0.223608753831	0.607142857143	0.876658334936
34	0.877496126023	0.908589572193	0.983247219907
35	0.731864325809	0.83037133918	0.934652727639
36	0.619288487882	0.969543147208	0.987010476669
37	0.0664251207729	0.5	0.144465290807
38	0.907772906833	0.981395348837	0.979493723996
39	0.970972730529	0.985956440327	0.993867619126
40	1.0	1.0	1.0
41	0.337456935092	0.714165704685	0.90717178794
42	0.984137675564	0.89932885906	0.987571269118
43	0.947905820553	0.865591397849	0.840023877033
44	0.0475611240392	0.181818181818	0.453551912568
45	0.816989919564	0.828125	0.996802251215
46	0.654968134621	0.903100775194	0.987249502476
47	0.155876191369	0.448	0.924677215432
48	0.855039530156	0.933333333333	0.268253968254
49	0.982432209102	0.914285714286	0.956048691156
50	0.785076533345	0.800251952447	0.964908229885
51	0.717050067348	0.82496878238	0.830433607662
52	0.41502673048	0.403334039698	0.87751938191
53	0.585638853763	0.526315789474	0.902928655314
54	0.439627286255	0.704324699352	0.835746168225
55	0.976623560005	0.992189394552	0.998130777841
56	0.634015733994	0.823706577975	0.934352727887
57	0.239001271845	0.212435233161	0.881255504844
58	0.73874659893	0.645883084577	0.880929212463
59	0.686666695472	0.805714285714	0.916390196918
60	0.932340045701	0.938129534643	0.997481557984
61	0.736563505355	0.791743759818	0.949664383997
62	0.0597224481378	0.188118811881	0.396017699115
63	0.765010784381	0.967219348278	0.974622412854
64	0.984939685767	0.982791586998	0.973766662341
65	0.741573114459	0.705787037037	0.837525409427
66	0.830142655526	0.850515463918	0.946976998905
67	0.608305702482	0.645833333333	0.972205181445
68	0.708766026073	0.836734693878	0.96479082121
69	0.663209676891	0.807692307692	0.961672850836
70	0.573150808249	0.801484230056	0.841075482768
71	0.961290718506	0.976109215017	0.977551125889
72	0.0329525267492	0.173913043478	0.331120060956
73	0.970827275064	0.956893348198	0.989428193829
74	0.475518146962	0.575714285714	0.93053172131
75	0.978214755086	0.986899563319	0.993969693846
76	0.877227056208	0.89932885906	0.924908807881
77	0.513195906427	0.612244897959	0.912797535704
78	0.64113140718	0.878861930529	0.973290932031
79	0.908976436753	0.830882352941	0.992566035325
80	0.970379776107	0.90395480226	0.903106912744
81	0.874398521848	0.882829215086	0.976051865712
82	0.852520287856	0.596153846154	0.883021307277
83	0.986041907041	0.983009708738	0.924743993847
84	0.972866955512	0.993975903614	0.998649338176
85	0.876786282895	0.891494252874	0.996656604024
86	0.930175492045	0.986928104575	0.998877810868
87	0.982973851618	0.971751412429	0.989551603288
88	0.631753304098	0.7	0.800352282824
89	0.887160710576	0.971223021583	0.992179633483
90	0.321523422406	0.525252525253	0.783522897336
91	0.604725877766	0.769633759492	0.963364292225
92	0.0	0.0	0.0
93	0.611695077054	0.63999399865	0.94964108737
94	0.568056464346	0.482781582953	0.594812662518
95	0.685327214944	0.8125	0.925150668823
96	0.941102003951	0.904713100659	0.963291776258
97	0.806148585361	0.796989271263	0.963533519779
98	0.552299165491	0.527950310559	0.955968132024
99	0.900579490102	0.938270559545	0.994315085112
100	0.855494154543	0.813226744186	0.931408422261
101	0.668902317461	0.68093385214	0.962154419138
102	0.561644369196	0.707289212537	0.959536646038
103	0.97351640501	0.989110707804	0.997507665105
104	0.763044973511	0.7	0.973352879785
105	0.341955389485	0.304347826087	0.468796097629
106	0.800461811586	0.788235294118	0.994146581407
107	0.851754488896	0.966101694915	0.996117374748
108	0.974891889977	0.986928104575	0.996623457269
109	0.911977087664	0.703947368421	0.958859432512
110	1.0	1.0	1.0
111	0.364414039988	0.291666666667	0.944119558155
112	0.896533057049	0.840425531915	0.96977190642
113	0.974626792711	0.989270209827	0.995634742953
114	0.991132245615	0.977722772277	0.928458913101
115	0.458329904617	0.788235294118	0.99108663185
116	0.792066543189	0.706543055803	0.972497260993
117	0.897649844669	0.851661433804	0.992363046377
118	0.964844165616	0.985711369667	0.985467439654
119	0.500101661767	0.438775510204	0.881358385578
120	0.663627703358	0.736	0.97763349827
121	0.200996433222	0.390243902439	0.861810322909
122	0.985851005157	0.982716049383	0.984083433614
123	0.979456255098	0.988023873223	0.99786721317
124	0.691479602203	0.779393993247	0.987659886334
125	0.981601808823	0.979002624672	0.96914024976
126	0.285947745537	0.434782608696	0.737833380728
127	0.501371630061	0.646530669443	0.914966563262
128	0.966754186779	0.931032809163	0.752459464215
129	0.888808922766	0.923076923077	0.995362054637
130	0.941822225081	0.815384615385	0.971037319794
131	0.990122162048	0.970695577501	0.990152735601
132	0.555088137103	0.834274952919	0.934770350625
133	0.947718479993	0.927845402484	0.998084328987
134	0.745062279866	0.900262467192	0.964028276741
135	0.966830583588	0.994535519126	0.999013535787
136	0.083245729762	0.464285714286	0.848474661736
137	0.201967566477	0.35632183908	0.687413289562
138	0.570374243089	0.640776699029	0.951933928388
139	0.747578935873	0.297297297297	0.716460513796
140	0.630821735734	0.690909090909	0.978666478913
141	0.802601217154	0.822888283379	0.975635615683
142	0.846831748703	0.896106188337	0.975437637791
143	0.98815077902	0.985472154964	0.97738742552
144	0.834383921384	0.829875518672	0.946350894152
145	0.983001026013	0.985212569316	0.974638660855
146	0.969711985705	0.957707439199	0.993792609957
147	0.423591525511	0.367088607595	0.942387399834
148	0.854956941145	0.859030837004	0.922099087353
149	0.973043093394	0.971074380165	0.994861427007
150	0.983722456277	0.981818181818	0.948465581652
151	0.667200477283	0.561403508772	0.711166442885
152	0.863360805481	0.949505676991	0.920341527495
153	0.489805034013	0.648148148148	0.878804110626
154	0.000463940952469	0.0196078431373	0.00620718450158
155	0.156914673218	0.404970760234	0.839448233014
156	0.677155875227	0.883040935673	0.972708587677
157	0.971460130414	0.985611510791	0.996721355713
158	0.56537902305	0.279069767442	0.494087970992
159	0.452440395978	0.732635539263	0.857290481385
160	0.73991821744	0.661417322835	0.92744060723
161	0.875143718427	0.667796610169	0.91904054252
162	0.86875795814	0.849890971393	0.96802748245
163	0.595496397023	0.856074551312	0.996343107454
164	0.976886648047	0.989473684211	0.653393875888
165	0.515039099551	0.357142857143	0.482505309334
166	0.621024901452	0.821229050279	0.892078320615
167	0.192869309948	0.4	0.577519379845
168	0.856156000121	0.958015267176	0.979118261228
169	0.409580769422	0.575301204819	0.919004188501
170	0.644966256327	0.842261904762	0.979778608193
171	0.746890496045	0.720430107527	0.735017661934
172	0.795164596366	0.829787234043	0.865635761159
173	0.342297996427	0.631578947368	0.742440604752
174	0.7289633576	0.7969348659	0.974649800065
175	0.599564934948	0.697916666667	0.937326538612
176	0.92784096665	0.935	0.997599387163
177	0.82520198089	0.883441969944	0.996093521874
178	0.949637135373	0.950953678474	0.994057785369
179	0.412901623026	0.717056650246	0.894124934864
180	0.283929626958	0.550279955207	0.911551114573
181	0.87778481901	0.878571428571	0.874050820157
182	0.968988511761	0.988443396226	0.996208297763
183	0.375385000641	0.688775510204	0.860062432933
184	0.704727805009	0.843803719331	0.912028004483
185	0.987906844729	0.953488372093	0.982995776021
186	0.928122014511	0.978933688348	0.983110649545
187	0.604378850545	0.839285714286	0.983436853002
188	0.789608893848	0.915611814346	0.977396533428
189	0.774391807673	0.699323552265	0.64810303601
190	0.774402349182	0.863174246861	0.864265724133
191	0.415526275066	0.675675675676	0.967006764999
192	0.285540105487	0.232142857143	0.783495979534
193	0.597275108505	0.584345479082	0.885644228041
194	0.945797195756	0.949404761905	0.994336137903
195	0.972978051757	0.82	0.949776907172
196	0.680599766251	0.833333333333	0.960473799408
197	0.856372261018	0.858974358974	0.972309003124
198	0.654253698559	0.633656085305	0.954329122624
199	0.89133659581	0.956	0.937673445248
200	0.987297050544	0.983908045977	0.984040427111
201	0.0897846249669	0.161290322581	0.156477846326
202	0.563244274752	0.596638655462	0.758550258572
203	0.932288581821	0.894103828531	0.959108479548
204	0.813068591588	0.795180722892	0.994076614317
205	0.985771883329	0.981132075472	0.980827558724
206	0.858254298255	0.768595041322	0.945714989944
207	0.841087614032	0.936241610738	0.9951996235
208	0.889968066535	0.909090909091	0.902073092541
209	0.174224797443	0.265306122449	0.755263794773
210	0.521223478558	0.538117420881	0.65093895738
211	0.788962794185	0.85910652921	0.957506208787
212	0.0	0.0	0.0
213	0.72492959609	0.931472081218	0.977353958768
214	0.365058613237	0.488372093023	0.825383689437
215	0.21932244059	0.478130953313	0.426192433056
216	9.28865770452e-05	0.025641025641	0.0124242424242
217	0.0	0.0	0.0
218	0.955413603644	0.947719113913	0.992475918763
219	0.653568913085	0.740458967324	0.907082470189
220	0.773771904542	0.920679250128	0.97379332383
221	0.468210814794	0.58064516129	0.534754402224
222	0.984512111451	0.914027149321	0.995758738278
223	0.525043645528	0.746991356383	0.903743228713
224	0.897547817899	0.869273879142	0.94925139763
225	0.936090449183	0.949664547279	0.991724762858
226	0.975540238571	0.979865771812	0.980542728169
227	0.916759301395	0.596875	0.901236873425
228	0.986102360848	0.981770833333	0.976288569425
229	0.666388025708	0.692660550459	0.961770086903
230	0.985509588618	0.990654205607	0.995079232694
231	0.0	0.0	0.0
232	0.72726821529	0.466666666667	0.971452400565
233	0.424193895186	0.725563909774	0.838995004408
234	0.597714413895	0.699614058397	0.932704858517
235	0.99437979738	0.972412480974	0.972773060076
236	0.507426897243	0.285714285714	0.426639379272
237	0.733281630027	0.678748132935	0.947651661532
238	0.885805352531	0.6	0.943714821764
239	0.291639461785	0.367996987952	0.594575763501
240	0.956221114435	0.889250814332	0.942680187018
241	0.981060808821	0.978798321846	0.967505798441
242	0.650765679338	0.690909090909	0.961795703283
243	0.808695283243	0.933943429124	0.985723343111
244	0.973105590698	0.995198016948	0.985517758316
245	0.194764551292	0.433333333333	0.726545737794
246	0.317818938603	0.576158940397	0.871089836358
247	0.963381617834	0.958823529412	0.997418970566
248	0.974926898149	0.986988847584	0.980191062238
249	0.838436496554	0.881818181818	0.986924490559
250	0.880672192088	0.95	0.988323337402
251	0.0	0.0	0.0
252	0.557723612449	0.705965909091	0.956699138881
253	0.995582322479	0.981553108161	0.97997723557
254	0.709655241691	0.715339833064	0.873373689481
255	0.124217955131	0.11914893617	0.669595028927
256	0.941404745067	0.955357142857	0.905619447696
257	0.783488293541	0.714285714286	0.771332598015
258	0.0	0.0	0.0
259	0.0565144766147	0.25	0.258620689655
260	0.812868302763	0.947690120824	0.976514736968
261	0.990919188779	0.973643410853	0.9840382553
262	0.563188260901	0.6875	0.83541725747
263	0.639334917237	0.241379310345	0.473654778178
264	0.994951673935	0.987878787879	0.997361020982
265	0.371490283046	0.437455154269	0.937437586586
266	0.98739261933	0.97213622291	0.96699657787
267	0.992820978395	0.978571428571	0.957409833166
268	0.920181225257	0.838207046454	0.901815106779
269	0.664692405675	0.65759657507	0.955847271577
270	0.568656645195	0.751344086022	0.944757466795
271	0.98536060435	0.986564299424	0.97637789025
272	0.826159136956	0.84380952381	0.99216096926
273	0.808548975289	0.474272930649	0.87536665669
274	0.507691292391	0.670454545455	0.975373936038
275	0.620157558803	0.689994182664	0.925215383773
276	0.979148026097	0.992792769395	0.999448511063
277	0.363253099782	0.340579710145	0.822117468574
278	0.964558512336	0.988033968091	0.953982866955
279	0.979694858344	0.992877131534	0.985847668583
280	0.29409094751	0.545454545455	0.826784101174
281	0.880799270502	0.960869565217	0.981464240372
282	0.574917246931	0.638190954774	0.937793474335
283	0.766024762587	0.551515151515	0.981298986505
284	0.978783602239	0.972307692308	0.992739260156
285	0.553778026202	0.936170212766	0.973286815247
286	0.724630918147	0.712878217673	0.985883727925
287	0.597602821124	0.757446808511	0.688790469746
288	0.91786288583	0.894736842105	0.850071225071
289	0.875790837457	0.914675767918	0.991103149274
290	0.974494773581	0.965189873418	0.990305087835
291	0.722656761082	0.473214285714	0.941473635535
292	0.966517798069	0.987611379935	0.997510229431
293	0.963378956646	0.93984962406	0.915329359621
294	0.628354627674	0.669291338583	0.791063721757
295	0.973608739351	0.960664305608	0.99538563788
296	0.778715087945	0.793103448276	0.774774006481
297	0.972262511924	0.969275498978	0.979867786403
298	0.802520324691	0.869369369369	0.949287731604
299	0.620528918403	0.505555555556	0.740263191975
300	0.753858074291	0.79932885906	0.927459817393
301	0.994039124823	0.970873786408	0.991832323974
302	0.562099948011	0.732147562582	0.797614876045
303	0.940224532914	0.950738916256	0.994447248864
304	0.16183615731	0.216216216216	0.424567747768
305	0.314334051826	0.594594594595	0.878984603355
306	0.660095763272	0.707224334601	0.881900042036
307	0.965384019822	0.94802759862	0.993048370944
308	0.663988823332	0.65	0.890587464512
309	0.0	0.0	0.0
310	0.840489495647	0.864909954866	0.976711238316
311	0.832993664747	0.937571503416	0.981481895075
312	0.987391763974	0.983333333333	0.982140107775
313	0.98316651677	0.986000122377	0.969802411699
314	0.997686640227	0.985294117647	0.995951129422
315	0.586032171151	0.571428571429	0.81857031857
316	0.870287743267	0.942196531792	0.839378026603
317	0.983669649604	0.906976744186	0.871892817972
318	0.645598894554	0.652173913043	0.941309850398
319	0.804697345731	0.923295454545	0.981476681355
320	1.0	1.0	1.0
321	0.847688708324	0.944398908355	0.993400621459
322	0.44957459662	0.526627218935	0.947684716599
323	0.995870318106	0.98070719603	0.96535371823
324	0.988492522288	0.981958762887	0.972237696263
325	0.968493631957	0.984555984556	0.987638908786
326	0.982443065452	0.978328173375	0.972789620936
327	0.974883779898	0.979865771812	0.993017882258
328	0.577872334678	0.674513373477	0.919705591497
329	0.426672813358	0.301886792453	0.506435917965
330	0.833299470383	0.721031344793	0.918355885572
331	0.918290226185	0.812182741117	0.945367192862
332	0.0	0.0	0.0
333	0.861430275542	0.855924344375	0.955578707448
334	0.845511039719	0.913533834586	0.962304067699
335	0.982951823488	0.981762917933	0.968394241729
336	0.748537669036	0.684210526316	0.936429794521
337	0.346657302618	0.145299145299	0.306755260244
338	0.878110182716	0.964285714286	0.986126935192
339	0.983759853098	0.96805866269	0.990324811961
340	0.597844153328	0.812059082892	0.972840477652
341	1.0	1.0	1.0
342	0.621269368039	0.707224334601	0.816905621675
343	0.565659500046	0.658116883117	0.728762446348
344	0.947531491127	0.936936936937	0.98988365214
345	0.983274573811	0.980327868852	0.9749914102
346	0.965698196097	0.9765625	0.966254027472
347	0.00502126753598	0.0151228733459	0.13097199341
348	0.866519243739	0.769230769231	0.812056142705
349	0.0	0.0	0.0
350	0.580637079463	0.693181818182	0.977844931823
351	0.991968422684	0.981029810298	0.982463598682
352	0.584390871578	0.668571428571	0.917320595136
353	0.960659340516	0.957888712476	0.996972096407
354	0.764279856405	0.763265306122	0.706493822787
355	0.928344163228	0.966507177033	0.886201452479
356	0.973969557884	0.962180001784	0.985812094006
357	0.885912640417	0.96186440678	0.978561504756
358	0.327185114139	0.445255474453	0.484421478829
359	0.558152160863	0.647092490842	0.942540991559
360	0.97500000823	0.977561282212	0.99514062364
361	0.731210335495	0.912052117264	0.980416634158
362	0.841681449382	0.955357142857	0.977929373997
363	0.806973005578	0.873737241586	0.9481969768
364	0.325862627697	0.402597402597	0.741853788225
365	0.737853991515	0.907407407407	0.981280024127
366	0.97614094126	0.942307692308	0.953796416865
367	0.987829358602	0.981157162524	0.979740212109
368	0.979924364185	0.982206405694	0.967533051533
369	0.820288909436	0.706614509246	0.876862743369
370	0.823535600077	0.931567099567	0.983250679036
371	0.830960541896	0.933333333333	0.955588552916
372	0.951765131917	0.945252557545	0.996531252938
373	0.630982792693	0.650612914807	0.89246639811
374	0.854173815789	0.94308677818	0.877218974928
375	0.777424177607	0.933333333333	0.985311432945
376	0.53480049186	0.669565217391	0.967323986474
377	0.9823878004	0.978647686833	0.985167771614
378	0.336801582568	0.225225225225	0.758746753039
379	0.58764992156	0.845108695652	0.895841116305
380	0.985167343863	0.983568075117	0.982802018624
381	0.853458179518	0.925930519908	0.983993435642
382	0.944659560896	0.956097560976	0.987419524373
383	0.506642048379	0.70812387275	0.888911071213
384	0.85944421161	0.96015936255	0.986161777563
385	0.841617839681	0.953883126739	0.983440226605
386	0.273148728583	0.316563146998	0.744503989506
387	0.981382184219	0.978260869565	0.956865158742
388	0.673551369931	0.771317829457	0.965747126437
389	0.860036061314	0.785714285714	0.942199076459
390	0.523992898772	0.639455782313	0.969563153579
391	0.872383737008	0.921875	0.989343390545
392	0.633798868915	0.728476821192	0.975329024219
393	0.929411835501	0.969529085873	0.992991556092
394	0.814471577973	0.930395726473	0.98575759971
