	red_number_frac	red_time_frac	image_size	javascript_size	css_size	html_size	xml_size	audio_size	video_size	image_number	javascript_number	css_number	html_number	xml_number	audio_number	video_number	load_time	load_time_std	server_number	service_number	total_number	total_size	others_app_size	others_app_number	others_text_size	others_text_number
0	0.0322729901677	0.022798022671	145296.5	614713.0	12494.0	95902.5	10333.0	0.0	0.0	18.0	36.0	4.0	10.0	1.0	0.0	0.0	2.8415	0.590136806173	17.0	11.0	69.0	878739.0	282271.0	10.5	0.0	0.0
1	0.0710782385186	0.099618073404	1005915.0	483088.0	0.0	143089.0	0.0	0.0	0.0	125.5	34.0	0.0	20.0	0.0	0.0	0.0	7.3535	2.20585111918	42.0	23.0	179.5	1632092.0	430882.5	12.0	0.0	1.0
2	0.0317480314961	0.0106108235046	543005.5	542777.0	125031.5	187370.5	0.0	0.0	0.0	45.5	41.0	5.0	18.0	0.0	0.0	0.0	5.641	1.11230465701	23.0	10.0	109.5	1398184.5	625002.5	17.0	0.0	4.0
3	0.0384615384615	0.0166973468719	248544.0	172859.0	54255.0	19532.0	0.0	0.0	0.0	8.0	5.0	3.0	2.0	0.0	0.0	0.0	2.1075	0.567001772484	5.5	3.0	18.0	495190.0	13818.5	2.0	0.0	0.0
4	0.151515151515	0.346545332691	9268629.0	1044502.0	116884.0	183905.0	4963.0	0.0	0.0	130.0	102.0	6.0	92.0	3.0	0.0	0.0	15.945	1.23997198783	81.0	37.0	333.0	10618883.0	378225.0	10.0	19639.0	2.0
5	0.0416666666667	0.0232245275028	322404.5	400671.5	106803.0	54441.0	24265.0	0.0	0.0	28.0	38.5	3.0	7.5	1.0	0.0	0.0	2.8905	0.477608040133	23.0	11.0	78.0	908585.0	237155.5	9.5	0.0	3.0
6	0.0376489347566	0.103315919077	8055027.5	328098.0	41932.0	93717.0	0.0	0.0	0.0	137.5	36.0	6.0	15.0	0.0	0.0	0.0	7.747	2.33204830353	27.5	16.0	194.5	8518774.5	387168.5	9.0	14040.0	2.0
7	0.0815241470979	0.0440978472119	357559.0	463754.5	8020.0	105619.5	0.0	0.0	0.0	41.5	41.0	3.5	33.5	0.0	0.0	0.5	4.68	0.406539063314	41.5	17.0	120.0	934953.0	383161.0	7.5	18648.5	3.0
8	0.186851211073	0.278209092703	1642973.0	757350.0	0.0	167305.0	67.0	0.0	0.0	129.0	54.0	0.0	54.0	1.0	0.0	0.0	9.842	4.07863682141	93.0	58.0	238.0	2567695.0	377577.0	11.0	49755.0	4.0
9	0.205296086134	0.0947685451585	513867.0	308425.0	94485.0	84227.5	0.0	0.0	0.0	40.0	15.0	1.0	20.5	0.0	0.0	0.0	2.758	0.601336311892	23.5	14.0	76.5	1001004.5	3519.5	3.0	0.0	0.0
10	0.0146522112495	0.0190464374062	819068.5	948116.0	329976.0	114779.5	23787.0	0.0	0.0	56.0	37.0	23.0	6.0	11.0	0.0	0.0	5.3295	3.58309891845	22.0	12.0	133.0	2235727.0	449292.0	8.0	25095.0	1.0
11	0.184402607197	0.193684507024	1647353.5	2968595.0	64423.5	689860.5	14608.0	0.0	0.0	196.0	98.5	10.0	92.0	12.0	0.0	0.0	14.8115	2.61138224892	131.0	64.5	408.5	5384840.5	475016.5	31.0	52850.0	8.5
12	0.0318304626815	0.0118085318916	2012194.0	557030.5	512678.0	78195.5	1777.0	0.0	0.0	70.0	69.0	25.0	15.0	1.0	0.0	0.0	5.2955	0.584930970286	25.0	11.0	180.0	3161875.0	376683.0	7.0	55.0	2.0
13	0.0774193548387	0.129741418146	824107.0	997159.0	62903.0	118813.0	0.0	0.0	0.0	78.0	41.0	4.0	27.0	0.0	0.0	0.0	8.972	1.64221226128	42.0	15.0	150.0	2002982.0	372203.0	6.0	94547.0	4.0
14	0.00847457627119	0.000292084509785	3044582.0	327504.0	32638.0	69160.0	0.0	0.0	0.0	66.0	17.0	3.0	7.0	0.0	0.0	0.0	4.053	0.0	11.0	8.0	93.0	3473884.0	1906577.0	5.0	340677.0	13.0
15	0.072708113804	0.0346158536902	332918.0	654712.0	44894.0	88086.0	182.0	0.0	0.0	20.0	14.0	2.0	23.0	1.0	0.0	0.0	5.121	1.17797095041	16.0	3.0	60.0	1120792.0	371227.0	8.0	0.0	0.0
16	0.218929765409	0.293045582433	728803.5	1037727.0	17948.0	218731.0	0.0	0.0	0.0	148.5	80.5	8.0	76.0	0.0	0.0	0.0	15.912	1.68074512866	115.0	59.0	313.0	2003209.5	443617.5	20.5	41148.0	19.0
17	0.0778052837195	0.162999648854	1200075.0	1309447.5	78611.0	125479.0	3860.0	0.0	0.0	108.5	76.5	10.0	23.5	2.0	0.0	0.0	11.4075	2.64767336543	62.5	32.5	220.5	2717472.5	670812.0	11.5	0.0	1.0
18	0.0260869565217	0.0851498399224	1806947.0	220331.0	33564.0	57917.0	673.0	0.0	0.0	98.0	4.0	2.0	4.0	1.0	0.0	0.0	3.494	0.929594260955	14.0	6.0	109.0	2119432.0	2686.5	1.0	1189.0	1.0
19	0.0547191758059	0.0220471188135	1317110.5	982741.5	126874.0	85034.5	0.0	0.0	0.0	73.0	53.0	18.0	15.5	0.0	0.0	0.0	5.9475	1.07609254249	32.5	14.0	159.5	2511760.5	372159.0	6.0	0.0	0.0
20	0.100161213279	0.24740555188	1322294.5	400656.5	40873.0	281207.0	0.0	0.0	0.0	164.0	26.0	7.0	39.0	0.0	0.0	0.0	13.0055	1.58949705568	38.0	21.0	236.0	2045031.0	380555.5	5.5	0.0	4.0
21	0.0836501901141	0.124534816804	1562854.0	798970.0	297957.0	64513.0	27878.0	0.0	0.0	157.0	35.0	6.0	21.0	6.0	0.0	0.0	9.654	2.01410640664	51.0	23.0	225.0	2752172.0	374690.0	10.0	0.0	8.0
22	0.227520575726	0.429995564193	683851.0	723037.5	68724.0	139239.0	3378.0	0.0	0.0	113.0	100.5	8.0	52.0	2.0	0.0	0.0	14.9875	1.48520734243	91.0	50.0	275.5	1618229.5	371914.5	14.5	24615.5	15.5
23	0.0936712742886	0.223812990713	2373028.0	494277.5	170381.5	68694.0	41279.0	0.0	0.0	91.0	60.5	11.5	17.0	10.0	0.0	0.0	7.7065	1.00138522058	59.0	29.0	190.0	3147660.0	409075.5	12.0	13818.5	5.0
24	0.0299625468165	0.0298520229236	4059912.0	675819.0	29235.0	115610.0	17434.0	0.0	0.0	186.0	36.0	2.0	10.0	10.0	0.0	0.0	4.432	3.48384663239	44.0	25.0	244.0	4898010.0	426708.0	26.0	5810.0	1.0
25	0.0769230769231	0.0993289632903	1898926.0	859704.0	24784.0	99090.0	0.0	0.0	0.0	65.0	67.0	4.0	15.0	0.0	0.0	0.0	19.034	1.69975107836	67.0	34.0	151.0	2882504.0	374391.0	9.0	325.0	2.0
26	0.0386509511028	0.0922885769688	6565634.0	1136790.5	115089.0	103065.5	182.0	0.0	0.0	103.5	49.0	14.0	21.0	1.0	0.0	0.0	7.705	1.80438549096	30.0	9.0	188.5	7920761.0	540362.5	9.0	59.0	2.0
27	0.0860927152318	0.152183950503	430847.0	768946.0	54512.0	138022.0	4491.0	0.0	0.0	63.0	40.0	3.0	28.0	3.0	0.0	0.0	7.822	0.773930388933	49.0	23.0	137.0	1396818.0	564545.0	16.0	0.0	1.0
28	0.0520231213873	0.125078864353	2188296.0	1826077.0	114719.0	310056.0	105741.0	0.0	0.0	207.0	102.0	24.0	56.0	39.0	0.0	0.0	9.156	1.46622220538	44.0	20.0	428.0	4544889.0	407931.0	14.0	4.0	4.0
29	0.021897810219	0.163373582144	2019840.0	167913.0	88970.0	27529.0	0.0	0.0	0.0	109.0	14.0	8.0	4.0	0.0	0.0	0.0	2.198	0.944952203377	8.0	5.0	135.0	2304252.0	269470.0	5.0	0.0	0.0
30	0.0748898678414	0.0349483717236	1444371.0	701430.0	45442.0	97346.0	0.0	0.0	0.0	135.0	45.0	5.0	22.0	0.0	0.0	0.0	6.073	0.976751734382	48.0	22.0	207.0	2288589.0	374947.0	8.0	0.0	0.0
31	0.133333333333	0.0871029836381	151364.0	163127.0	44331.0	178826.0	0.0	0.0	0.0	3.0	4.0	1.0	3.0	0.0	0.0	0.0	2.467	1.1540377532	6.0	3.0	11.0	537648.0	71292.0	5.0	0.0	0.0
32	0.115980103685	0.273201400134	2587688.0	1286788.0	111710.0	176296.5	7688.0	0.0	0.0	264.0	104.0	7.0	105.0	5.0	0.0	0.0	19.712	1.2369695047	89.0	44.0	485.0	4170170.5	543197.5	18.0	0.0	7.0
33	0.136260562895	0.458968720159	1237066.5	877599.0	53407.0	91560.0	0.0	0.0	0.0	220.0	73.5	5.5	30.0	0.0	0.0	0.0	12.91	1.89321043056	72.5	39.0	329.0	2259632.5	489911.0	21.0	61069.0	13.0
34	0.193406593407	0.329851421561	897295.0	1149001.0	47753.0	180643.0	182.0	0.0	0.0	127.0	122.0	8.0	109.0	1.0	0.0	0.0	28.094	2.70204892628	93.0	51.0	367.0	2274874.0	398459.0	24.0	51127.0	13.0
35	0.040404040404	0.116000999836	2472280.0	635881.0	55638.0	52605.5	57633.0	0.0	0.0	69.0	16.0	2.0	1.0	1.0	0.0	0.0	3.776	0.618292090662	17.0	13.0	89.0	3274037.5	347579.5	8.0	948.0	2.0
36	0.119102341005	0.262219060455	785595.0	1192675.0	737898.5	337623.0	182.0	0.0	0.0	80.0	73.5	5.0	59.5	1.0	0.0	0.0	13.9975	1.86584049007	62.5	26.0	219.0	3053973.5	417865.5	8.0	327.0	4.5
37	0.0190881678343	0.2191531791	5007572.5	532426.5	89540.0	226709.5	0.0	0.0	0.0	651.0	56.5	4.0	17.5	0.0	0.0	0.0	7.465	1.81609050831	51.0	22.0	729.0	5856248.5	541574.5	9.5	326.5	2.0
38	0.0714285714286	0.121156430549	1382590.0	1035973.0	64283.0	161680.0	0.0	0.0	0.0	155.0	95.0	13.0	38.0	0.0	0.0	0.0	16.345	2.94946337869	77.0	41.0	301.0	2644526.0	460850.0	10.0	99505.0	7.0
39	0.030534351145	0.0101951653543	1366013.5	731500.0	153327.0	109455.5	53198.0	0.0	0.0	94.0	89.5	11.0	24.5	5.0	0.0	0.0	7.0565	0.727271055041	53.5	28.5	224.0	2413494.0	708581.5	27.0	261833.5	9.0
40	0.048943815331	0.159983426499	1725493.5	804195.5	103106.0	60112.0	12424.0	0.0	0.0	141.5	41.0	7.0	31.5	4.0	0.0	0.0	6.198	1.64520606612	42.5	23.5	225.0	2705331.0	520499.0	16.0	7061.0	3.0
41	0.416666666667	0.435421888053	0.0	0.0	0.0	250824.5	0.0	0.0	0.0	0.0	0.0	0.0	2.0	0.0	0.0	0.0	0.1955	0.0443283205186	2.0	1.0	2.0	250824.5	0.0	0.0	0.0	0.0
42	0.0828518401793	0.0527227834025	2388215.5	963496.5	130741.0	97523.0	0.0	0.0	0.0	74.5	49.5	13.0	16.0	0.0	0.0	0.0	5.469	0.494557883367	39.5	22.5	153.0	3579976.0	377942.0	7.0	125.0	2.0
43	0.416666666667	0.395945945946	12019.0	0.0	0.0	34441.0	0.0	0.0	0.0	0.5	0.0	0.0	2.0	0.0	0.0	0.0	0.1735	0.0314699757706	2.0	1.0	2.5	46460.0	0.0	0.0	0.0	0.0
45	0.201492537313	0.224899148364	2460309.0	371859.0	28102.0	60224.0	2300.0	0.0	0.0	64.0	25.0	3.0	12.0	1.0	0.0	0.0	23.26	0.0	42.0	22.0	105.0	2922794.0	549098.0	13.0	0.0	2.0
46	0.0242459865545	0.030193778262	1901339.0	519698.0	113536.0	49714.5	0.0	0.0	0.0	123.0	22.5	4.0	7.0	0.0	0.0	0.0	4.058	0.482389608486	25.0	14.5	156.5	2584287.5	726256.5	9.5	0.0	0.0
48	0.329365079365	0.216314420961	783313.0	796736.0	93144.0	107984.0	0.0	0.0	0.0	188.0	86.0	6.0	89.0	0.0	0.0	0.0	9.489	0.883805062078	117.0	70.0	369.0	1781177.0	624192.0	23.0	91.0	11.0
49	0.212222394782	0.342050741162	504275.0	582795.0	303832.5	98671.0	0.0	0.0	0.0	49.0	43.5	3.0	22.0	0.0	0.0	0.0	12.1605	1.68200136246	44.5	25.0	117.5	1489573.5	372472.0	7.5	0.0	1.0
50	0.0847130242826	0.296500552675	373346.0	379766.0	60938.0	67316.5	0.0	0.0	0.0	84.5	28.5	3.0	15.5	0.0	0.0	0.0	6.5405	0.784316422115	35.0	19.0	131.5	881366.5	439362.5	8.5	78.0	3.0
51	0.124329501916	0.196807505005	164564.0	684258.0	156382.0	68484.5	0.0	0.0	0.0	30.5	33.0	2.0	10.0	0.0	0.0	0.0	4.6435	1.42928732241	39.0	18.0	75.5	1073688.5	378191.0	8.0	0.0	0.0
52	0.20409556314	0.233568414032	570379.5	649216.0	53733.0	143992.0	30421.0	0.0	0.0	89.5	76.0	4.0	49.0	25.0	0.0	0.0	9.431	1.25482797003	60.5	32.0	243.5	1447741.5	465611.5	23.0	143.0	5.0
53	0.0606060606061	0.0139667530521	593367.5	509875.0	53241.0	91968.5	1628.0	0.0	0.0	36.0	11.0	2.0	8.0	1.0	0.0	0.0	3.13	0.524266019665	17.0	7.0	58.0	1250080.0	186281.0	3.5	0.0	0.0
55	0.0404081632653	0.117745698949	2472280.0	635881.0	55638.0	52606.0	57633.0	0.0	0.0	69.0	16.0	2.0	1.0	1.0	0.0	0.0	3.739	0.507499014777	18.0	13.0	89.0	3274038.0	350130.5	9.0	948.0	2.0
56	0.158620689655	0.231494084389	1382505.0	533500.0	372167.0	98570.0	1523.0	0.0	0.0	55.0	40.0	2.0	19.0	1.0	0.0	0.0	7.739	2.20452532722	42.0	25.0	117.0	2388265.0	865395.0	10.0	78.0	3.0
57	0.0400025601639	0.11081607784	2127925.0	456991.0	38042.0	28188.0	0.0	0.0	0.0	85.0	20.0	3.0	10.0	0.0	0.0	0.0	2.006	1.16510243648	19.0	13.0	118.0	2651146.0	133293.5	6.0	0.0	0.0
58	0.245293638493	0.340992468037	352081.5	832543.5	34024.0	101627.0	1538.0	0.0	0.0	120.0	121.5	6.5	94.5	1.0	0.0	0.0	14.8785	2.6315	108.0	56.0	343.5	1321814.0	1082779.5	19.5	44.5	6.0
59	0.0683899460934	0.0701858185495	992202.0	354216.0	126648.0	360203.0	10247.0	0.0	0.0	121.5	19.0	6.0	13.5	6.0	0.0	0.0	4.459	0.313597273585	26.0	16.0	166.0	1843516.0	374224.0	6.0	173676.0	4.0
60	0.065702970297	0.104880332017	954967.0	565980.5	63986.0	60732.5	436.0	0.0	0.0	48.0	20.5	6.0	22.5	2.0	0.0	0.0	6.185	2.03734999448	24.0	8.5	99.0	1646102.0	452050.0	8.0	0.0	0.5
61	0.0810147299509	0.102962910289	179505.0	109608.0	43006.0	14971.0	0.0	0.0	0.0	22.0	15.0	2.0	1.0	0.0	0.0	0.0	5.428	0.523754579336	16.0	11.0	40.0	347090.0	442353.0	9.0	0.0	0.0
62	0.0144099634604	0.00871999033997	9979366.0	1130271.5	214038.0	202258.5	0.0	0.0	0.0	108.5	23.0	9.0	11.0	0.0	0.0	0.0	8.424	0.882837577077	25.0	7.0	151.5	11525934.0	374354.5	10.0	0.0	0.0
63	0.0444017346738	0.0694923541272	1519890.0	811306.5	119532.0	40693.0	0.0	0.0	0.0	64.5	21.0	12.0	9.0	0.0	0.0	0.0	7.6885	1.01327130344	24.5	5.0	106.5	2491421.5	372234.5	6.0	0.0	0.0
64	0.0188679245283	0.00917793239954	1285399.0	476372.0	65099.0	86751.0	0.0	0.0	0.0	18.0	19.0	5.0	2.0	0.0	0.0	0.0	4.36	0.898665955737	10.0	6.0	44.0	1913621.0	376012.5	6.0	0.0	0.0
65	0.0431066518023	0.015566548776	1518358.0	679721.5	42307.0	33360.5	0.0	0.0	0.0	83.0	20.0	4.0	4.0	0.0	0.0	0.0	2.5745	0.616460448346	14.0	11.0	111.0	2273747.0	2965.5	2.5	0.0	0.0
66	0.330990396853	0.22195391966	97315.5	256752.0	12818.0	32271.0	0.0	0.0	0.0	55.5	15.0	3.0	27.0	0.0	0.0	0.0	4.7305	0.994806231132	50.5	30.5	100.5	399156.5	186228.5	3.5	64464.0	3.5
67	0.0731707317073	0.0255954008761	978215.5	229694.0	25473.5	241036.0	0.0	0.0	0.0	91.5	28.0	9.0	18.0	0.0	0.0	0.0	6.214	0.76740097081	27.0	17.0	146.5	1474419.0	372387.5	9.0	58.0	1.0
68	0.0259382052211	0.0596096469317	747526.5	1510597.5	245390.0	104210.0	209376.0	0.0	0.0	127.5	78.0	16.0	25.5	100.0	0.0	0.0	12.4965	2.53202712453	31.0	8.0	347.0	2817100.0	888563.5	15.0	2.0	2.0
69	0.0338983050847	0.00761919421249	3062368.0	238682.0	250145.0	16930.0	42965.0	0.0	0.0	36.0	8.0	1.0	3.0	1.0	0.0	0.0	3.588	0.605893538166	12.0	6.0	49.0	3611090.0	7873.0	3.0	32989.0	6.0
70	0.0246641168971	0.00779339718976	1806141.0	236404.0	135147.0	29790.5	0.0	0.0	0.0	52.5	18.0	8.0	3.5	0.0	0.0	0.0	5.7335	0.920708830196	12.5	6.0	82.0	2207482.5	1287701.0	19.0	0.0	0.0
