	image_size	javascript_size	css_size	html_size	xml_size	audio_size	video_size	image_number	javascript_number	css_number	html_number	xml_number	audio_number	video_number	load_time	load_time_std	server_number	service_number	total_number	total_size
0	325537.0	439494.0	88035.0	67107.0	3768.0	0.0	0.0	64.0	29.0	4.0	43.0	2.0	0.0	0.0	16.286000000000001	2.3704492642294026	52.0	27.0	142.0	923941.0
1	2596704.5	1925241.5	193374.0	104283.0	0.0	0.0	0.0	105.0	70.5	5.0	29.0	0.0	0.0	0.0	10.693999999999999	0.84089401829243604	55.5	27.5	209.5	4819603.0
2	1032702.0	865418.0	106729.0	53073.5	74402.0	0.0	0.0	120.0	50.0	7.0	17.0	5.0	0.0	0.0	10.620000000000001	3.9832374973129583	26.0	8.0	199.0	2132324.5
3	666957.0	863598.0	84028.0	146029.0	0.0	0.0	0.0	64.0	28.0	3.0	7.0	0.0	0.0	0.0	8.1790000000000003	1.5644210146604114	20.0	8.0	102.0	1760612.0
4	1769021.0	1230923.0	463859.0	131290.0	4842.0	0.0	3553.0	88.0	79.0	8.0	25.0	1.0	0.0	2.0	18.059000000000001	1.3666643902420075	59.0	35.0	203.0	3603488.0
5	2599407.0	643791.0	375652.0	75824.0	1202.0	0.0	0.0	70.0	35.0	3.0	7.0	1.0	0.0	0.0	3.4329999999999998	0.42782083477393523	37.0	20.0	116.0	3695876.0
6	39138.0	805302.0	34484.0	95305.0	0.0	0.0	0.0	16.0	93.0	5.0	14.0	0.0	0.0	0.0	10.087999999999999	0.0	39.0	21.0	128.0	974229.0
7	159137.0	818798.0	43168.0	100121.0	1167.0	0.0	0.0	32.0	36.0	1.0	3.0	1.0	0.0	0.0	6.7679999999999998	4.2101972274321735	10.0	3.0	73.0	1122391.0
8	126246.0	296536.0	0.0	175479.0	0.0	0.0	0.0	13.5	3.0	0.0	2.0	0.0	0.0	0.0	2.6454999999999997	0.51762279702501512	8.0	2.0	18.5	598261.0
9	91400.0	599467.0	6674.0	41740.0	0.0	0.0	0.0	43.0	54.0	1.0	16.0	0.0	0.0	0.0	16.369	2.7768134726208014	56.0	31.0	114.0	739281.0
10	1098914.0	1164668.0	113466.0	66283.0	0.0	0.0	0.0	143.0	86.0	6.0	53.0	0.0	0.0	0.0	11.484	2.0832454914814473	96.0	46.0	288.0	2443331.0
11	2075707.0	314559.0	52376.0	99789.0	0.0	0.0	0.0	42.0	20.0	2.0	5.0	0.0	0.0	0.0	9.8140000000000001	0.96302545381280447	26.0	14.0	69.0	2542431.0
12	453245.0	1553318.0	54680.0	126996.0	35475.0	0.0	217932.0	99.0	54.0	3.0	60.0	16.0	0.0	1.0	12.213000000000001	1.413951995259372	84.0	46.0	233.0	2441646.0
13	328614.0	527638.0	39686.0	148437.0	0.0	0.0	0.0	94.0	46.5	4.0	43.5	0.0	0.0	0.0	10.938000000000001	2.6586129724914831	77.5	43.0	188.0	1044375.0
14	1743572.0	1136520.5	146830.0	79217.5	18962.5	0.0	0.0	42.0	22.0	10.0	8.0	6.0	0.0	0.0	8.1364999999999998	1.1527849756134056	25.0	12.0	88.0	3125102.5
15	1607479.0	1679698.5	139165.0	145850.5	0.0	0.0	0.0	305.0	63.0	2.0	40.0	0.0	0.0	0.0	24.872500000000002	2.8132918774098075	80.5	44.0	410.0	3572193.0
16	1602967.0	1242847.0	1140573.0	190925.0	34433.0	0.0	0.0	62.0	43.0	5.0	21.0	12.0	0.0	0.0	12.039999999999999	1.0022844030969242	31.0	14.0	143.0	4211745.0
17	409932.0	764888.0	20163.0	36850.0	0.0	0.0	0.0	26.0	37.0	3.0	4.0	0.0	0.0	0.0	1.958	0.65697947052503713	35.0	18.0	70.0	1231833.0
18	341295.5	645899.5	74999.0	24421.0	7005.0	0.0	0.0	52.5	72.0	3.0	32.5	2.0	0.0	0.0	16.203500000000002	5.4515000000000002	57.0	28.0	162.0	1093620.0
19	1275237.5	1837759.5	48239.0	147827.5	36151.0	0.0	0.0	121.5	81.5	3.0	40.0	25.0	0.0	0.0	15.683	5.045155385057531	93.0	55.5	271.0	3345214.5
20	128923.0	2087422.0	336734.0	83808.0	0.0	0.0	0.0	34.0	70.0	10.0	27.0	0.0	0.0	0.0	8.6080000000000005	0.61008847769588603	53.0	26.0	141.0	2636887.0
21	821439.5	983679.5	1182.0	140173.0	0.0	0.0	0.0	412.5	173.0	1.0	225.0	0.0	0.0	0.0	20.201499999999999	4.6759491533136881	194.0	111.0	811.5	1946474.0
22	1783284.0	1882770.0	134548.0	128579.0	6966.0	0.0	0.0	117.0	84.0	11.0	48.0	6.0	0.0	0.0	10.244999999999999	4.4603111266971922	79.0	42.0	266.0	3936147.0
23	2865062.0	1558921.0	387613.0	162106.0	0.0	0.0	33335.0	102.0	92.0	8.0	20.0	0.0	0.0	1.0	9.0460000000000012	1.1955150447494258	98.0	54.0	223.0	5007037.0
24	981893.0	876719.0	74305.0	58755.0	0.0	0.0	0.0	91.0	41.0	6.0	64.0	0.0	0.0	0.0	9.3290000000000006	0.91842063845266586	57.0	29.0	202.0	1991672.0
25	696502.5	1465074.5	69348.5	86065.0	0.0	0.0	0.0	93.0	57.5	5.5	29.0	0.0	0.0	0.0	10.009	5.2732579454617037	68.5	39.5	185.0	2316990.5
26	1033151.5	663632.0	31453.0	122536.5	182.0	0.0	0.0	109.5	43.0	4.0	25.0	1.0	0.0	0.0	8.2420000000000009	1.173857103739633	44.0	20.0	182.5	1850955.0
27	851707.0	2228134.0	147362.0	271471.0	10753.0	0.0	0.0	133.0	89.0	5.0	57.0	1.0	0.0	0.0	12.879	0.91927412319734492	105.0	56.0	285.0	3509427.0
28	73382.0	719972.0	55507.0	75959.0	4421.0	0.0	0.0	26.0	39.0	1.0	20.0	1.0	0.0	0.0	11.891999999999999	3.0374717597630472	40.0	23.0	87.0	929241.0
29	0.0	0.0	0.0	264.0	0.0	0.0	0.0	0.0	0.0	0.0	1.0	0.0	0.0	0.0	0.41299999999999998	0.1586106343639459	2.0	1.0	1.0	264.0
30	2294335.0	690955.0	52049.0	198261.0	3436.0	0.0	0.0	211.0	72.0	6.0	82.0	1.0	0.0	0.0	10.403	4.3507262229042478	96.0	47.0	372.0	3239036.0
31	424329.5	866467.5	68952.0	47288.0	5569.0	0.0	0.0	28.0	38.0	1.0	8.0	1.0	0.0	0.0	4.4819999999999993	0.98090738094888441	33.0	19.5	76.0	1412606.0
32	351196.0	1357394.0	227567.0	329712.0	0.0	0.0	0.0	34.0	87.0	6.0	15.0	0.0	0.0	0.0	9.0800000000000001	6.6760610438887085	80.0	36.0	142.0	2265869.0
33	1028670.0	1075091.0	47193.0	69228.0	0.0	0.0	0.0	150.0	65.0	3.0	27.0	0.0	0.0	0.0	7.8179999999999996	1.8841231382263737	78.0	46.0	245.0	2220182.0
34	1012912.0	728500.0	65012.0	22508.0	0.0	0.0	0.0	29.0	31.0	2.0	10.0	0.0	0.0	0.0	4.4630000000000001	0.33932351000843503	32.0	14.0	72.0	1828932.0
35	3782571.0	1768713.0	307625.0	382053.0	10753.0	0.0	0.0	58.5	53.0	5.0	24.5	1.0	0.0	0.0	9.2225000000000001	1.66430727030798	59.0	29.0	142.0	6251715.0
36	434227.5	530554.0	21044.0	31256.0	0.0	0.0	0.0	22.0	14.0	9.0	3.0	0.0	0.0	0.0	0.78950000000000009	0.12949501920923442	3.0	2.0	48.0	1017081.5
37	616448.0	1055993.0	88670.0	74052.5	908.0	0.0	0.0	80.5	60.0	21.0	26.0	1.0	0.0	0.0	9.4984999999999999	0.90804694261915786	58.0	33.0	188.5	1836071.5
38	1152962.0	1585672.0	85365.0	152178.0	26865.0	0.0	0.0	97.0	56.0	3.0	14.0	6.0	0.0	0.0	5.0009999999999994	0.39902383975316319	43.0	24.0	176.0	3003042.0
39	4605071.0	299331.5	88361.0	9417.0	12292.0	0.0	0.0	158.0	7.0	3.0	1.0	7.0	0.0	0.0	2.593	0.82847232904907575	13.0	5.0	176.0	5014472.5
40	815562.0	567692.0	34188.0	87859.0	0.0	0.0	0.0	44.0	22.0	1.0	40.0	0.0	0.0	0.0	2.8479999999999999	2.5884807546674842	32.0	15.0	107.0	1505301.0
41	4460196.0	2557382.5	109131.0	970401.0	1393.0	0.0	0.0	70.5	142.0	11.0	32.5	1.0	0.0	0.0	11.771999999999998	1.6253848342392638	108.5	62.5	257.0	8098503.5
42	2194627.5	1022254.5	18955.0	244396.0	11506.0	0.0	0.0	90.0	56.0	2.0	29.0	4.0	0.0	0.0	7.4930000000000003	1.4078497931242522	61.5	32.0	181.0	3491739.0
43	207613.0	2492769.0	15778.0	158170.0	14533.0	0.0	0.0	89.0	75.0	5.0	40.0	1.0	0.0	0.0	10.069000000000001	2.0816513743767104	100.0	55.0	210.0	2888863.0
44	0.0	0.0	0.0	1086.0	0.0	0.0	0.0	0.0	0.0	0.0	2.0	0.0	0.0	0.0	1.0470000000000002	0.61375728101587512	3.0	2.0	2.0	1086.0
45	2413654.0	1090533.0	171514.0	156539.0	0.0	0.0	0.0	103.0	68.0	9.0	34.0	0.0	0.0	0.0	9.0779999999999994	2.5228622389150011	85.0	41.0	214.0	3832240.0
46	531727.0	1555751.0	45865.0	171671.0	182.0	0.0	0.0	337.5	108.0	4.0	155.0	1.0	0.0	0.0	22.433500000000002	2.6929559347799712	220.0	137.5	605.5	2305196.0
47	261820.0	468940.0	56369.0	77242.0	0.0	0.0	0.0	43.0	22.5	5.0	4.5	0.0	0.0	0.0	5.0914999999999999	4.4876388401223881	11.0	3.0	75.0	864371.0
48	43787.0	0.0	4966.0	7556.0	0.0	0.0	0.0	13.0	0.0	2.0	1.0	0.0	0.0	0.0	0.94099999999999995	0.095141350333122099	2.0	2.0	16.0	56309.0
49	4185735.5	775343.0	71114.0	520165.0	0.0	0.0	0.0	270.5	69.0	8.0	108.5	0.0	0.0	0.0	15.858499999999999	4.8541049895938597	142.0	89.0	456.0	5552357.5
50	1686580.0	1349049.0	18504.0	57179.0	40738.0	0.0	0.0	51.0	45.0	1.0	38.0	2.0	0.0	0.0	9.1560000000000006	1.8672742463578058	75.0	46.0	137.0	3152050.0
51	61072.0	695376.0	26059.0	116858.0	7680.0	0.0	0.0	71.0	37.0	1.0	68.0	1.0	0.0	0.0	7.125	2.113866704512005	71.0	41.0	178.0	907045.0
52	7543511.0	136461.0	14246.0	38231.0	11128.0	0.0	0.0	18.0	12.0	1.0	6.0	2.0	0.0	0.0	3.9079999999999999	1.0260578762584978	8.0	4.0	39.0	7743577.0
53	175905.0	1103612.0	48257.0	71524.0	0.0	0.0	0.0	39.0	54.0	2.0	25.0	0.0	0.0	0.0	5.5839999999999996	0.0	44.0	28.0	120.0	1399298.0
54	1187281.0	873654.0	134137.0	112886.0	8637.0	0.0	0.0	176.0	48.0	4.0	75.0	2.0	0.0	0.0	14.077999999999999	7.1637438308100734	94.0	52.0	305.0	2316595.0
55	7126651.0	936527.0	111703.0	72215.0	0.0	0.0	0.0	115.0	92.0	15.0	19.0	0.0	0.0	0.0	7.8360000000000003	0.72020220068848939	70.0	38.0	241.0	8247096.0
56	831.0	81919.0	35314.0	32276.0	0.0	0.0	0.0	2.0	5.0	2.0	2.0	0.0	0.0	0.0	0.995	0.068394462269512735	6.0	4.0	11.0	150340.0
57	592866.0	1093529.0	40232.0	22643.0	0.0	0.0	0.0	34.0	31.0	2.0	6.0	0.0	0.0	0.0	4.1569999999999991	1.4500020548894661	39.0	24.0	73.0	1749270.0
58	1171201.5	2362160.5	66835.0	147460.0	0.0	0.0	-2.0	189.0	109.0	7.0	61.5	0.0	0.0	2.0	13.677	2.2877948383153202	117.0	63.0	368.5	3747655.0
59	430350.0	1091660.0	54149.0	689449.5	289.0	0.0	-2.0	137.5	76.0	5.5	74.5	7.0	0.0	2.0	13.1495	1.769536022344558	101.0	56.0	302.5	2265895.5
60	1382605.0	658497.0	99433.0	78794.5	0.0	0.0	0.0	37.0	49.0	9.0	10.0	0.0	0.0	0.0	3.8795000000000002	0.47101991465329784	28.0	16.0	105.0	2219329.5
61	798430.0	605951.0	10974.0	78343.0	0.0	0.0	0.0	55.0	39.0	5.0	7.0	0.0	0.0	0.0	6.4050000000000002	0.8534962429528874	27.0	15.0	106.0	1493698.0
62	440893.5	1490579.5	221933.5	123221.5	615.0	0.0	0.0	110.0	87.0	17.5	105.0	2.0	0.0	0.5	17.5045	4.1974389281507785	111.0	59.0	322.0	2277243.0
63	1845192.0	906295.5	2384.0	54115.0	3667.0	0.0	0.0	89.5	56.5	3.0	36.0	2.0	0.0	0.0	7.1230000000000002	2.5850916598836493	66.5	37.5	187.0	2811653.5
64	564138.5	1208242.5	61317.0	213249.5	5291.0	0.0	0.0	180.0	81.0	7.5	97.5	1.5	0.0	0.0	13.26	1.9919932228800374	143.0	75.5	367.5	2052238.5
65	323666.5	549806.0	56684.0	53667.5	2234.0	0.0	0.0	76.5	42.0	3.0	36.0	2.0	0.0	0.0	10.476000000000001	2.5638955536448829	62.5	31.0	159.5	986058.0
66	2525335.0	723374.0	58105.0	78132.0	0.0	0.0	0.0	136.0	33.0	7.0	5.0	0.0	0.0	0.0	5.1139999999999999	0.69056418158552724	25.0	9.0	181.0	3384946.0
67	444759.5	1029770.5	45186.0	133294.5	0.0	0.0	0.0	102.5	58.0	5.0	64.0	0.0	0.0	0.0	8.9384999999999994	0.57581223882008625	72.0	41.0	229.5	1653010.5
68	1134607.0	1052527.0	234561.0	83579.0	11857.0	0.0	0.0	77.0	54.0	5.0	24.0	4.0	0.0	0.0	10.618	4.3767360012561145	69.0	37.0	164.0	2517131.0
69	692435.5	1728637.5	128081.0	86871.5	134.0	0.0	0.0	103.0	73.0	10.0	41.0	2.0	0.0	0.0	10.6175	1.08814139246699	91.0	51.0	229.0	2636159.5
70	148287.5	93541.0	60238.0	11714.0	0.0	0.0	0.0	5.0	4.0	2.0	1.0	0.0	0.0	0.0	1.2995000000000001	0.42909714517810527	2.5	2.0	12.0	313780.5
71	1187609.5	1806979.5	67724.5	118593.5	0.0	0.0	0.0	167.0	109.0	9.0	57.5	0.0	0.0	0.0	12.1455	1.5463325968238519	111.5	58.5	342.5	3180907.0
72	2337605.0	159045.0	45370.0	44223.0	0.0	0.0	0.0	76.0	7.0	7.0	6.0	0.0	0.0	0.0	1.4489999999999998	0.31662104934588425	10.0	8.0	96.0	2586243.0
73	473353.0	1513485.0	151397.0	130030.5	0.0	0.0	0.0	190.0	90.5	5.0	73.0	0.0	0.0	0.0	10.559000000000001	2.5397370803884405	120.0	66.5	358.5	2268265.5
74	4044386.0	1918503.0	198166.0	179527.0	0.0	0.0	0.0	384.0	77.0	4.0	71.0	0.0	0.0	0.0	15.282	5.2663314342633427	107.0	57.0	536.0	6340582.0
75	528149.0	917034.5	96419.5	100274.5	1361.0	0.0	0.0	157.0	66.5	5.5	72.0	1.0	0.0	0.0	9.2569999999999997	3.5085521230273882	100.5	52.0	302.0	1643238.5
76	1984228.0	1619206.0	68453.0	157830.0	30715.0	0.0	0.0	359.0	139.0	6.0	152.0	29.0	0.0	0.0	22.088000000000001	1.8403766353657074	196.0	106.0	685.0	3860432.0
77	609911.0	513104.0	26809.0	128424.0	0.0	0.0	0.0	49.0	32.0	1.0	11.0	0.0	0.0	0.0	5.2889999999999997	0.56703104331388487	41.0	18.0	93.0	1278248.0
78	546474.0	2027185.0	197716.0	98832.0	0.0	0.0	0.0	77.0	63.0	2.0	41.0	0.0	0.0	0.0	18.888000000000002	6.2057781591030139	76.0	33.0	183.0	2870207.0
79	1539157.5	1782968.5	71447.0	121062.0	0.0	0.0	0.0	207.0	108.0	9.0	64.0	0.0	0.0	0.0	18.509500000000003	2.4249526914056601	126.0	67.0	388.0	3514635.0
80	3675174.0	1807849.0	21468.0	160178.0	87478.0	0.0	0.0	344.0	98.0	3.0	126.0	33.0	0.0	0.0	14.012	1.279987885745143	157.0	89.0	604.0	5752147.0
81	2381684.0	1567743.0	979249.0	153789.0	8699.0	0.0	0.0	148.0	88.0	21.0	40.0	7.0	0.0	0.0	12.609	1.713096899668644	82.0	41.0	304.0	5091164.0
82	12717.0	227733.0	65205.0	24665.0	2342.0	0.0	0.0	7.0	3.0	3.0	3.0	1.0	0.0	0.0	2.7359999999999998	0.67527804972799499	6.0	4.0	17.0	332662.0
83	1156648.0	903545.0	130931.0	87138.5	571.0	0.0	0.0	29.5	45.0	4.0	12.0	1.0	0.0	0.0	5.0309999999999997	0.5860524208635266	39.0	19.0	91.5	2278833.5
84	216710.0	378608.0	336592.0	8954.0	0.0	0.0	0.0	14.0	19.0	10.0	6.0	0.0	0.0	0.0	6.0470000000000006	1.0472107190054927	23.0	13.0	49.0	940864.0
85	1961108.0	1483948.0	112734.0	50740.0	4975.0	0.0	0.0	113.0	79.0	9.0	41.0	2.0	0.0	0.0	9.5289999999999999	1.6820663512110763	80.0	41.0	244.0	3613505.0
86	449475.0	1254841.0	110950.0	79521.0	29500.0	0.0	0.0	52.0	58.0	4.0	29.0	7.0	0.0	0.0	18.771000000000001	5.920097075872583	59.0	28.0	150.0	1924287.0
87	1225905.0	1327654.0	101849.0	46862.0	0.0	0.0	0.0	91.0	64.0	2.0	28.0	0.0	0.0	0.0	5.4000000000000004	1.1619193890570321	62.0	33.0	185.0	2702270.0
88	1374626.0	1498181.5	172257.0	301588.5	3045.0	0.0	0.0	198.5	108.5	8.0	84.0	3.0	0.0	0.0	15.724499999999999	1.4300234919399049	145.5	90.0	402.0	3349698.0
89	768904.5	590985.0	66888.0	51560.5	3508.0	0.0	0.0	65.5	36.0	6.0	31.5	1.0	0.0	0.0	3.9329999999999998	0.68710686214008965	70.5	36.0	140.0	1481846.0
90	1475550.0	1105658.0	106303.0	74746.0	0.0	0.0	0.0	71.0	54.0	19.0	29.0	0.0	0.0	0.0	6.3299999999999992	0.63712324136807164	41.0	14.0	173.0	2762257.0
91	825992.5	1511596.5	97461.0	566271.5	1521.0	0.0	0.0	358.5	179.5	24.5	178.0	2.0	0.0	0.0	17.307499999999997	2.9967120732562882	218.5	116.0	742.5	3002842.5
92	2082723.0	668022.0	51160.0	210813.0	66365.0	0.0	0.0	114.0	78.0	22.0	42.0	19.0	0.0	0.0	8.5869999999999997	0.55961053476260081	67.0	35.0	275.0	3079083.0
93	4366776.0	1751835.0	183946.0	173844.0	0.0	0.0	0.0	270.0	77.0	4.0	56.0	0.0	0.0	0.0	16.381999999999998	4.7250568164168518	87.0	47.0	407.0	6476401.0
94	1908987.0	1208460.0	616816.0	202584.0	13864.0	0.0	0.0	184.0	80.0	20.0	46.0	7.0	0.0	0.0	13.01	1.4185930257968655	78.0	43.0	337.0	3950711.0
95	296957.0	970584.0	82795.0	76543.0	0.0	0.0	0.0	59.5	60.0	6.0	35.0	0.0	0.0	0.0	8.7059999999999995	1.5006896947737063	83.0	48.0	160.5	1426879.0
96	3219644.0	493723.0	49661.0	190695.0	3715.0	0.0	0.0	159.0	52.0	2.0	60.0	6.0	0.0	0.0	9.0510000000000002	2.7240981019661907	106.0	64.0	279.0	3957438.0
97	864597.0	1315600.0	155548.0	63086.0	15825.0	0.0	0.0	79.0	70.0	8.0	24.0	4.0	0.0	0.0	8.1819999999999986	1.4698680548829657	50.0	28.0	185.0	2414656.0
98	387355.0	1302012.0	383765.0	120045.0	15672.0	0.0	0.0	32.0	49.0	6.0	20.0	3.0	0.0	0.0	10.349	0.76231300074910935	48.0	16.0	110.0	2208849.0
99	1100652.0	1315036.0	123635.0	105030.0	0.0	0.0	0.0	152.0	86.0	14.0	76.0	0.0	0.0	0.0	10.529999999999999	4.4453433340997073	107.0	58.0	328.0	2644353.0
100	890855.0	783936.0	20261.0	76411.0	0.0	0.0	0.0	42.0	27.0	1.0	15.0	0.0	0.0	0.0	8.9029999999999987	3.2523090505055023	27.0	11.0	85.0	1771463.0
101	1041152.0	1030130.0	72743.0	100911.0	0.0	0.0	0.0	27.0	45.5	3.0	22.0	0.0	0.0	0.0	4.5640000000000001	0.69659474185138659	39.5	16.0	97.5	2244936.0
102	0.0	0.0	0.0	21050.0	0.0	0.0	0.0	0.0	0.0	0.0	2.5	0.0	0.0	0.0	0.72550000000000003	0.39315580880867063	1.0	1.0	2.5	21050.0
103	94343.0	0.0	3665.0	11235.0	0.0	0.0	0.0	23.0	0.0	2.0	1.0	0.0	0.0	0.0	1.194	0.7017657095577633	2.0	2.0	26.0	109243.0
104	1038299.5	1805871.5	102496.0	105454.5	0.0	0.0	0.0	78.0	70.5	3.0	26.0	0.0	0.0	0.0	7.335	0.892362314309608	65.0	37.5	177.5	3052121.5
105	271494.5	362351.0	66522.0	21794.5	0.0	0.0	0.0	27.0	33.0	4.0	7.5	0.0	0.0	0.0	7.3034999999999997	0.94223893466572461	21.0	9.0	71.5	722162.0
106	851194.0	395891.0	67011.0	29837.0	0.0	0.0	0.0	27.0	24.0	2.0	9.0	0.0	0.0	0.0	7.5150000000000006	1.1881559942476687	27.0	11.0	62.0	1343933.0
107	3127877.0	1240433.0	53978.0	142940.0	0.0	0.0	0.0	296.5	68.0	8.0	155.0	0.0	0.0	0.0	16.472000000000001	3.4383555458060173	178.5	115.0	527.5	4565228.0
108	2476962.0	2269614.0	108838.0	293821.0	0.0	0.0	0.0	195.0	106.5	7.0	48.5	0.0	0.0	0.0	13.815999999999999	2.3394420987349389	112.5	53.0	357.0	5149235.0
109	1160709.0	1448422.0	31449.0	70966.0	0.0	0.0	0.0	121.0	58.0	2.0	28.0	0.0	0.0	0.0	8.9859999999999989	1.7339935138785381	63.0	41.0	209.0	2711546.0
110	1168793.0	1299542.0	37755.5	126812.0	105102.0	0.0	0.0	117.5	81.5	6.0	39.5	6.0	0.0	0.0	7.8890000000000002	2.6475638802491623	75.5	42.0	250.5	2738004.5
111	555362.5	1321034.0	66755.0	111288.0	0.0	0.0	0.0	134.5	75.5	7.0	38.5	0.0	0.0	0.0	8.0869999999999997	5.9279088420791366	94.5	48.5	255.5	2054439.5
112	1121769.0	2243036.0	192811.0	128640.0	0.0	0.0	0.0	100.0	85.0	4.0	35.0	0.0	0.0	0.0	8.8340000000000014	1.4907165399461881	82.0	43.0	224.0	3686256.0
113	479537.0	1223923.5	118177.0	62408.0	8175.0	0.0	0.0	109.5	58.0	3.0	53.0	9.0	0.0	0.0	9.7880000000000003	0.63818022532823815	71.5	38.0	232.5	1892220.5
114	695458.0	1890017.0	92201.0	241239.0	0.0	0.0	0.0	341.0	126.0	5.0	158.0	0.0	0.0	0.0	25.512	2.3293500037564123	214.0	124.0	630.0	2918915.0
115	437350.0	558305.0	116719.0	12459.5	0.0	0.0	0.0	48.0	47.0	16.0	10.5	0.0	0.0	0.0	7.0824999999999996	1.0007092284974692	49.0	22.0	121.5	1124833.5
116	1073855.0	131104.0	56773.0	17282.0	587.0	0.0	0.0	43.0	13.0	3.0	5.0	1.0	0.0	0.0	3.5724999999999998	1.5177189100752486	18.5	10.0	65.0	1279601.0
117	357213.0	804291.0	106054.0	50407.0	12552.0	0.0	0.0	22.0	38.0	8.0	4.0	1.0	0.0	0.0	5.3730000000000002	1.6467731836434996	38.0	18.0	73.0	1330517.0
118	569638.5	759239.0	20183.0	36066.5	0.0	0.0	0.0	40.5	40.0	4.0	9.5	0.0	0.0	0.0	3.3094999999999999	2.1697437636734898	41.5	19.0	94.0	1385127.0
119	1548988.0	758245.0	129318.0	160043.0	3268.0	0.0	0.0	63.0	27.0	6.0	14.0	2.0	0.0	0.0	4.282	0.4800055040836691	43.0	23.0	112.0	2599862.0
120	498264.0	1702341.0	84411.0	160667.0	0.0	0.0	0.0	277.0	102.0	4.0	120.0	0.0	0.0	0.0	19.216999999999999	3.5216205374623408	196.0	117.0	503.0	2445683.0
121	5919982.0	1225508.0	53051.0	63549.0	67.0	0.0	0.0	209.0	58.0	12.0	34.0	1.0	0.0	0.0	6.3490000000000002	6.0931301651841094	80.0	49.0	314.0	7262157.0
122	998538.5	376086.0	31862.0	79928.0	0.0	0.0	0.0	41.0	6.0	2.0	2.0	0.0	0.0	0.0	4.0259999999999998	0.97465153260024173	10.0	6.0	51.0	1486414.5
123	1282617.0	241629.0	34264.0	11962.0	0.0	0.0	0.0	44.0	10.0	7.0	3.0	0.0	0.0	0.0	4.2459999999999996	0.77223266179993799	12.0	8.0	64.0	1570472.0
124	719660.0	1504444.0	342503.0	91057.0	7402.0	0.0	0.0	69.0	67.0	15.0	18.0	1.0	0.0	0.0	7.0780000000000003	1.4186605795608758	55.0	26.0	170.0	2665066.0
125	558660.0	1715980.5	84720.5	191018.0	0.0	0.0	0.0	397.5	147.0	7.0	199.0	0.0	0.0	0.0	25.703000000000003	4.9979671977089852	240.5	142.0	750.5	2550379.0
126	6849952.0	1641613.0	180204.0	153633.0	0.0	0.0	0.0	284.0	69.0	4.0	52.0	0.0	0.0	0.0	14.872	2.351636782233931	90.0	44.0	409.0	8825402.0
127	2660419.0	832392.0	55629.0	52705.0	0.0	0.0	0.0	73.0	51.0	4.0	47.0	0.0	0.0	0.0	17.109999999999999	2.9098932779208395	69.0	37.0	175.0	3601145.0
128	113967.0	556341.5	80163.0	23826.0	0.0	0.0	0.0	17.5	34.5	7.0	10.0	0.0	0.0	0.0	3.0739999999999998	0.87342533166836867	28.5	16.5	69.0	774297.5
129	1671727.0	1312412.5	149247.0	131686.5	1337.0	0.0	0.0	91.5	58.0	14.0	14.0	3.0	0.0	0.0	4.3300000000000001	0.80650495968716762	52.5	30.5	180.5	3266410.0
130	1421442.0	1627099.0	950920.0	209105.0	211246.0	0.0	0.0	185.0	92.5	23.0	58.0	10.0	0.0	0.0	14.515000000000001	0.72455952136453261	100.0	57.0	368.5	4419812.0
131	2456355.5	698199.5	245955.0	25462.0	29556.0	0.0	0.0	49.0	24.0	1.0	17.0	24.0	0.0	0.0	4.4744999999999999	1.2327094588750425	32.0	12.0	115.0	3455528.0
132	1456084.0	2020793.0	255944.0	99949.0	1170.0	0.0	0.0	103.0	84.0	12.0	53.0	2.0	0.0	0.0	7.343	2.4841005575956285	89.0	55.0	254.0	3833940.0
133	1808715.0	171144.0	55831.0	13620.0	0.0	0.0	0.0	14.0	10.0	7.0	2.0	0.0	0.0	0.0	3.9359999999999999	0.53815881817568212	11.0	4.0	33.0	2049310.0
134	4060926.0	1740618.0	184461.0	174972.0	0.0	0.0	0.0	261.0	72.0	5.0	68.0	0.0	0.0	0.0	15.507999999999999	5.0832071241162966	92.0	50.0	406.0	6160977.0
135	644845.5	1864217.0	92671.5	275328.0	44.0	0.0	225418.0	336.5	133.5	8.5	155.5	1.5	0.0	0.5	23.432000000000002	2.2834112604555057	221.5	129.0	636.0	3102524.0
136	2590695.5	1947924.0	148589.5	76373.5	536.0	0.0	0.0	170.0	76.5	13.5	80.0	3.0	0.0	0.0	10.6755	2.2085519260366056	106.5	54.0	343.0	4764118.5
137	2140848.0	1396877.0	176604.0	166328.0	0.0	0.0	0.0	263.0	55.0	2.0	66.0	0.0	0.0	0.0	13.286999999999999	3.9530649178704316	87.0	46.0	386.0	3880657.0
138	221068.5	1320918.5	258999.0	47797.5	1863.0	0.0	0.0	27.0	21.0	8.0	13.0	1.0	0.0	0.0	2.0735000000000001	0.54386509356641011	23.0	11.0	70.0	1850646.5
139	2482031.5	1806385.5	103670.0	126544.0	0.0	0.0	0.0	83.5	71.0	5.0	22.5	0.0	0.0	0.0	7.2195	1.5798468406779185	62.0	33.5	182.0	4518631.0
140	3886599.5	2651748.5	173599.5	388750.0	4916.5	0.0	0.0	331.0	155.0	22.5	99.0	1.0	0.0	0.0	26.122500000000002	3.3635826416932293	180.5	100.5	608.5	7105614.0
141	3782660.0	395698.5	63651.0	56104.5	0.0	0.0	0.0	55.0	23.0	2.0	12.5	0.0	0.0	0.0	17.856000000000002	5.5626148738138426	28.0	13.0	92.5	4298114.0
142	1483326.0	2003424.0	64238.0	138692.0	26537.0	0.0	0.0	152.0	80.0	5.0	31.0	8.0	0.0	0.0	8.0120000000000005	0.96147363747299697	77.0	47.0	276.0	3716217.0
143	1134570.0	697342.0	32991.0	72094.0	0.0	0.0	0.0	56.0	38.0	6.0	41.0	0.0	0.0	0.0	13.161	2.0618887781190653	42.0	18.0	141.0	1936997.0
144	1185889.0	797218.0	43375.0	25329.5	0.0	0.0	0.0	69.5	35.0	6.0	10.0	0.0	0.0	0.0	9.4160000000000004	4.5097198848708997	31.5	14.0	120.5	2051811.5
145	1403583.0	978952.0	6103.0	484486.0	111.0	0.0	450837.0	297.0	109.0	7.0	143.0	3.0	0.0	2.0	15.065	1.3805863587177551	165.0	108.0	561.0	3324072.0
146	771477.0	1320807.5	277178.0	61549.5	201.0	0.0	0.0	82.5	63.0	8.0	52.5	3.0	0.0	0.0	10.282499999999999	2.7648269475683289	78.5	37.5	209.0	2431213.0
147	840549.0	1455865.0	204258.0	292973.0	3006.0	0.0	0.0	233.0	127.0	10.0	107.0	2.0	0.0	0.0	16.062999999999999	2.6941629200922503	145.0	87.0	479.0	2796651.0
148	2227501.0	1543227.0	955018.0	435465.0	17534.0	0.0	0.0	206.0	86.0	23.0	41.0	11.0	0.0	0.0	13.592000000000001	0.73333363636357396	79.0	43.0	367.0	5178745.0
149	8702716.0	415317.0	217983.0	16264.0	0.0	0.0	0.0	29.0	13.0	6.0	5.0	0.0	0.0	0.0	3.8569999999999998	0.60231223189584804	11.0	6.0	53.0	9352280.0
151	1674918.0	1395792.5	233456.0	62588.0	0.0	0.0	0.0	29.0	43.0	3.0	10.0	0.0	0.0	0.0	7.766	1.6692562685220027	25.5	17.0	85.0	3366754.5
152	851358.0	1699666.0	102451.0	109437.0	0.0	0.0	0.0	93.0	69.0	3.0	25.0	0.0	0.0	0.0	7.7830000000000004	2.8680214628051708	70.0	39.0	190.0	2762912.0
153	939214.0	263323.0	100926.0	14964.0	0.0	0.0	0.0	15.0	29.0	21.0	3.0	0.0	0.0	0.0	1.5699999999999998	1.7935873426057498	13.0	6.0	68.0	1318427.0
154	745515.0	1299633.0	55109.0	92664.0	0.0	0.0	0.0	53.0	68.0	2.0	22.0	0.0	0.0	0.0	7.2640000000000002	1.5478214159916737	55.0	29.0	145.0	2192921.0
155	915262.0	2138940.0	59886.0	133932.0	0.0	0.0	0.0	182.0	122.0	17.0	78.0	0.0	0.0	0.0	12.145000000000001	1.8285569295060089	129.0	75.0	399.0	3248020.0
156	1283298.0	1651514.5	59090.0	137941.5	1369.0	0.0	0.0	179.5	109.0	8.5	83.0	1.0	0.0	0.0	12.48	1.6113910140000161	111.5	60.5	381.0	3133213.0
157	2620127.0	1858864.0	269501.0	140996.0	430.0	0.0	0.0	239.0	98.0	20.0	34.0	2.0	0.0	0.0	18.006999999999998	2.6911742170782382	85.0	41.0	393.0	4889918.0
158	2814.0	131165.0	58518.0	37650.0	0.0	0.0	0.0	4.0	7.0	2.0	1.0	0.0	0.0	0.0	0.90200000000000002	3.7448645725401959	9.0	8.0	14.0	230147.0
159	3531263.5	1732464.0	176806.0	190448.0	0.0	0.0	0.0	400.5	76.5	3.0	77.0	0.0	0.0	0.0	16.353000000000002	2.0552468829802417	99.5	53.5	557.0	5630981.5
160	1083209.0	1166976.5	108486.0	296044.0	0.0	0.0	0.0	99.0	89.0	12.0	55.0	0.0	0.0	0.0	9.4160000000000004	2.2736422012654063	94.0	55.0	255.0	2654715.5
161	691201.0	457220.0	23534.0	23025.0	0.0	0.0	0.0	46.0	16.0	4.0	4.0	0.0	0.0	0.0	4.4879999999999995	1.0554280858705838	25.0	10.0	70.0	1194980.0
162	1218767.0	964777.0	68794.0	90538.0	29844.0	0.0	0.0	114.0	78.0	6.0	22.0	6.0	0.0	0.0	6.069	3.104393903191546	63.0	37.0	226.0	2372720.0
163	814752.0	1162547.0	91016.0	283446.0	0.0	0.0	0.0	128.0	97.0	10.0	70.0	0.0	0.0	0.0	10.759	2.0181094709491592	118.0	65.0	305.0	2351761.0
164	160784.0	74792.0	29003.0	15012.0	79030.0	0.0	0.0	23.0	8.0	7.0	5.0	1.0	0.0	0.0	5.8739999999999997	0.68462545234602545	16.5	6.0	44.0	358621.0
165	351501.0	389687.5	54618.0	18948.0	0.0	0.0	0.0	33.0	16.0	2.0	5.5	0.0	0.0	0.0	1.9750000000000001	1.1236649856607617	11.0	5.0	56.5	814754.5
166	601862.0	1333378.0	111013.0	76295.5	91.0	0.0	0.0	95.0	64.5	13.0	46.5	0.5	0.0	0.0	9.9610000000000003	2.3199382771961838	84.5	47.5	219.5	2122639.5
168	739679.0	636298.0	262238.0	52506.5	0.0	0.0	0.0	19.0	17.0	1.0	2.0	0.0	0.0	0.0	5.4529999999999994	1.65903468619556	15.5	9.0	39.0	1690721.5
169	153135.0	3498.0	255375.0	41064.0	8713.0	0.0	0.0	45.0	2.0	2.0	3.0	4.0	0.0	0.0	1.5924999999999998	0.41592763793717774	3.0	2.0	56.0	461785.0
170	552605.5	683460.5	2159892.0	52564.0	0.0	0.0	0.0	13.0	15.0	3.0	1.0	0.0	0.0	0.0	3.407	0.62723014117626708	9.0	7.0	32.0	3448522.0
171	1260906.0	1438524.0	204230.0	298857.0	2886.0	0.0	0.0	196.0	114.0	10.0	81.0	2.0	0.0	0.0	18.436	1.9235128472327365	140.0	88.0	403.0	3205403.0
172	540937.0	1556029.0	84309.0	135485.0	0.0	0.0	0.0	229.0	105.0	4.0	105.0	0.0	0.0	0.0	18.844000000000001	3.2049156377193393	195.0	116.0	443.0	2316760.0
173	450991.0	367185.0	34751.0	37960.0	0.0	0.0	0.0	48.0	20.0	7.0	7.0	0.0	0.0	0.0	2.9940000000000002	0.75794245522473469	20.0	7.0	82.0	890887.0
174	1216712.0	1089766.5	113457.0	129044.0	0.0	0.0	0.0	63.5	48.0	4.0	29.5	0.0	0.0	0.0	5.7504999999999997	4.7962127861470041	68.5	36.0	145.0	2548979.5
175	814555.0	648544.5	43013.0	29592.5	23839.0	0.0	0.0	49.0	39.0	8.0	13.5	10.0	0.0	0.0	9.0745000000000005	0.84269700367332456	30.0	13.0	119.5	1559544.0
176	636686.0	2372506.0	207050.0	71444.0	4056.0	0.0	0.0	155.0	90.0	9.0	48.0	5.0	0.0	0.0	9.4489999999999998	1.980409765555142	104.0	56.0	307.0	3291742.0
177	452332.5	1480831.5	344203.0	94270.5	1320.0	0.0	0.0	73.0	66.5	14.0	16.0	1.0	0.0	0.0	7.6534999999999993	2.0652497881612288	55.0	27.5	170.5	2372957.5
178	267983.0	1006793.0	121779.0	104054.0	1706.0	1985871.0	0.0	149.0	58.5	1.0	30.5	1.0	1.0	0.0	6.8555000000000001	1.3218755047280362	73.0	43.0	241.0	3488186.0
180	932560.0	898307.0	176180.0	70112.0	0.0	0.0	0.0	69.0	11.0	2.0	4.0	0.0	0.0	0.0	4.6630000000000003	0.0	11.0	7.0	86.0	2077159.0
181	322511.0	498765.0	34985.0	5951.0	0.0	0.0	0.0	48.0	25.0	3.0	4.0	0.0	0.0	0.0	6.2780000000000005	0.72095853547658573	19.0	7.0	80.0	862212.0
182	1635884.0	991834.0	161219.0	45576.0	182.0	0.0	0.0	79.0	41.0	16.0	24.0	1.0	0.0	0.0	8.734	1.0469994634875464	42.0	22.0	161.0	2834695.0
183	5694.0	239639.0	36408.0	29555.0	0.0	0.0	0.0	1.0	10.0	2.0	3.0	0.0	0.0	0.0	0.28600000000000003	0.081789854180781982	8.0	5.0	16.0	311296.0
184	742343.0	1251043.0	114786.0	83932.0	0.0	0.0	0.0	126.0	73.0	8.0	65.0	0.0	0.0	0.0	9.8290000000000006	1.9351411152167872	96.0	52.0	272.0	2192104.0
185	477054.0	401582.0	49907.0	56419.5	0.0	0.0	0.0	15.0	26.0	5.0	10.0	0.0	0.0	0.0	3.2809999999999997	2.0896085303233236	22.0	10.0	56.0	984962.5
186	2614877.0	1423498.0	163660.0	134845.0	0.0	0.0	0.0	131.0	63.0	17.0	73.0	0.0	0.0	0.0	16.116	2.6965200240309732	62.0	35.0	284.0	4336880.0
187	1921051.0	1439552.0	102696.0	323970.0	5716.0	0.0	0.0	328.0	89.0	3.0	91.0	12.0	0.0	0.0	15.537999999999998	4.685538128705768	162.0	85.0	523.0	3792985.0
188	349732.0	693644.5	114542.5	60672.0	4437.0	0.0	0.0	42.0	29.5	7.5	7.0	0.5	0.0	0.0	3.3220000000000001	4.3258471063480739	28.5	15.0	86.5	1223028.0
189	198177.0	237131.0	44745.0	19598.0	0.0	0.0	0.0	14.0	19.0	2.0	8.0	0.0	0.0	0.0	4.7910000000000004	0.60345151287826082	23.0	10.0	43.0	499651.0
190	730565.0	434085.0	334521.0	21168.0	0.0	0.0	0.0	14.0	10.0	1.0	3.0	0.0	0.0	0.0	5.7530000000000001	0.73815843593581576	14.0	7.0	28.0	1520339.0
191	340715.0	957195.0	73507.0	47365.0	0.0	0.0	0.0	161.0	48.0	3.0	85.0	0.0	0.0	0.0	13.273	4.9053910534997218	112.0	64.0	297.0	1418782.0
192	927243.0	1280487.0	96498.0	95556.0	182.0	0.0	0.0	96.0	65.0	12.0	44.0	1.0	0.0	0.0	15.547000000000001	2.3434187329678609	78.0	47.0	218.0	2399966.0
193	749338.0	1723847.0	118953.0	82229.0	234.5	0.0	0.0	101.5	72.5	10.0	43.5	3.5	0.0	0.0	10.577	1.8338750257310341	86.5	47.0	231.0	2674601.5
194	375038.0	1227182.0	28767.5	93186.5	9399.0	0.0	0.0	157.5	92.0	4.0	69.5	1.0	0.0	0.0	15.5075	1.7306656775645599	107.0	62.5	324.0	1733573.0
195	3565996.0	2290372.0	179199.0	113725.0	1903.0	0.0	0.0	171.0	106.0	19.0	55.0	4.0	0.0	0.0	13.347	2.446004627959645	104.0	62.0	355.0	6151195.0
196	3183043.0	1318990.5	114408.0	144401.5	14857.0	0.0	1504957.0	119.0	61.0	6.0	43.0	3.0	0.0	2.0	11.593500000000001	2.4406326823182551	76.0	33.5	234.0	6280657.0
197	2952521.5	671822.0	42121.0	46860.0	1797.0	0.0	0.0	49.5	25.0	6.0	14.0	1.0	0.0	0.0	5.8874999999999993	1.4746477681127792	31.5	17.0	95.5	3715121.5
198	237431.0	1323543.0	53550.0	158635.0	4169.0	0.0	0.0	134.0	80.0	8.0	72.0	6.0	0.0	0.0	15.843	1.4675952981607956	110.0	53.0	300.0	1777328.0
199	610076.5	1594047.5	84305.0	194935.5	91.0	0.0	0.0	283.0	109.0	4.0	126.0	0.5	0.0	0.0	20.121499999999997	3.7612179321774657	188.5	110.5	522.5	2483455.5
200	3116161.0	1043819.0	113786.0	126307.0	14777.0	0.0	1504957.0	90.0	42.0	5.0	28.0	3.0	0.0	2.0	8.0690000000000008	0.79362949653964954	55.0	26.0	170.0	5919807.0
201	2092226.0	432945.5	135531.0	24960.5	5940.0	0.0	0.0	30.0	29.0	4.0	5.0	1.0	0.0	0.0	3.7805	0.58744995531534427	29.0	17.0	69.0	2691603.0
202	925966.0	552348.0	70693.0	24131.0	1392.0	0.0	0.0	37.0	24.0	2.0	51.0	2.0	0.0	0.0	3.8029999999999999	1.819113669678142	22.0	11.0	116.0	1574530.0
203	3716039.0	1786878.0	198373.0	344282.0	87444.0	0.0	0.0	102.0	71.5	14.5	58.0	7.0	0.0	0.0	12.830500000000001	6.7919250952877857	75.5	42.0	253.0	6133016.0
204	2357062.0	549848.0	69033.0	48411.0	182.0	0.0	0.0	37.0	44.0	10.0	20.0	1.0	0.0	0.0	5.5720000000000001	0.48245009976725278	28.0	11.0	112.0	3024536.0
205	153462.0	1046463.0	81598.0	59216.0	0.0	0.0	0.0	129.0	57.0	5.0	60.0	0.0	0.0	0.0	7.6319999999999997	0.24459535745571448	146.0	104.0	251.0	1340739.0
206	233889.0	1062103.5	38650.0	75909.0	0.0	0.0	247349.0	59.5	41.0	8.0	32.5	0.0	0.0	1.0	15.531000000000001	1.1538049824385399	56.5	30.0	142.0	1657900.5
207	914281.0	761043.0	44921.0	71746.0	0.0	0.0	0.0	186.0	69.0	9.0	101.0	0.0	0.0	0.0	11.461	4.0333313340215433	136.0	97.0	365.0	1791991.0
208	3482944.0	2443070.0	425202.0	431598.0	651.0	0.0	0.0	124.0	72.0	9.0	67.0	3.0	0.0	0.0	26.494999999999997	2.2928806859494451	79.0	39.0	275.0	6783465.0
209	198332.0	508128.0	275623.0	122041.5	12570.0	0.0	0.0	14.0	19.0	2.0	70.0	3.0	0.0	0.0	6.173	1.0859315079690799	20.0	8.0	108.0	1116694.5
210	1615662.0	1475201.0	443915.0	23776.0	0.0	0.0	0.0	36.0	38.0	7.0	2.0	0.0	0.0	0.0	5.9569999999999999	0.87238307080216937	13.0	4.0	83.0	3558554.0
211	927665.0	655305.0	64644.0	89618.0	0.0	0.0	0.0	36.0	30.0	9.0	11.0	0.0	0.0	0.0	3.71	0.5265422731672158	22.0	9.0	86.0	1737232.0
212	555827.0	129630.0	44130.0	60450.0	7146.0	0.0	0.0	24.0	16.0	7.0	6.0	5.0	0.0	0.0	3.3534999999999999	0.64939082223265221	16.5	8.0	58.0	797183.0
213	5815105.0	1775025.0	195882.0	107065.0	0.0	0.0	0.0	142.0	92.0	20.0	90.0	0.0	0.0	0.0	14.407	4.9188328381635333	79.0	49.0	344.0	7893077.0
214	8105397.0	868448.0	46072.0	147351.0	4039.0	0.0	0.0	93.0	69.0	2.0	33.0	1.0	0.0	0.0	8.7970000000000006	1.4313660142209144	36.0	15.0	198.0	9171307.0
215	3443.0	4277.0	62754.0	33616.0	0.0	0.0	0.0	5.0	2.0	4.0	1.0	0.0	0.0	0.0	1.6159999999999999	2.7856486784948316	9.0	7.0	12.0	104090.0
216	240123.0	647428.0	178437.0	43535.0	4459.0	0.0	0.0	78.0	55.0	7.0	45.0	1.0	0.0	0.0	7.7210000000000001	3.0283332386118991	75.0	51.0	186.0	1113982.0
217	1914476.5	1807186.5	102451.0	108571.0	0.0	0.0	0.0	80.5	69.0	3.0	22.5	0.0	0.0	0.0	6.8535000000000004	0.89697522819752362	61.0	34.0	175.0	3932685.0
218	1074639.0	1454767.0	160587.0	81001.0	0.0	0.0	0.0	112.0	74.0	11.0	63.0	0.0	0.0	0.0	9.7320000000000011	1.4685148540424133	93.0	53.0	260.0	2770994.0
219	4859187.0	1777996.0	183320.0	179182.0	0.0	0.0	0.0	305.0	72.0	3.0	73.0	0.0	0.0	0.0	15.137	1.6510709696856685	85.0	48.0	453.0	6999685.0
220	385455.0	121865.0	38216.0	5737.0	0.0	0.0	0.0	9.0	10.0	8.0	2.0	0.0	0.0	0.0	2.2799999999999998	0.64313188171941116	6.0	3.0	29.0	551273.0
221	1221548.0	1195799.0	194622.0	120768.0	0.0	0.0	0.0	114.0	74.0	15.0	36.0	0.0	0.0	0.0	5.6820000000000004	1.3373637232985882	58.0	33.0	239.0	2732737.0
222	332601.0	2056331.0	55995.0	138781.0	0.0	0.0	-2.0	149.0	106.5	4.0	66.0	0.0	0.0	2.0	12.062999999999999	1.5630573050559882	113.0	60.0	327.5	2583706.0
223	279492.0	802370.0	105419.0	48199.0	16041.0	0.0	0.0	22.0	38.0	8.0	5.0	1.0	0.0	0.0	5.3639999999999999	1.4692270916756132	39.0	18.0	74.0	1251521.0
224	1192894.0	147706.0	46364.0	112297.0	0.0	0.0	0.0	48.0	10.0	7.0	2.0	0.0	0.0	0.0	4.5790000000000006	0.9937662367646295	14.0	7.0	67.0	1499261.0
226	3585632.0	1666905.0	183667.0	160625.0	0.0	0.0	0.0	252.0	62.0	4.0	57.0	0.0	0.0	0.0	15.109999999999999	1.6376917661720274	84.0	45.0	375.0	5596829.0
227	788163.0	593814.0	42614.0	66268.0	0.0	0.0	0.0	59.5	27.0	9.0	18.5	0.0	0.0	0.0	5.5410000000000004	0.66838761957415094	28.5	10.0	114.0	1490859.0
228	1212689.0	1141640.0	48062.0	184552.0	0.0	0.0	0.0	170.0	59.0	7.0	96.0	0.0	0.0	0.0	15.206999999999999	1.6530988093484877	122.0	71.0	332.0	2586943.0
229	403524.0	639859.0	42446.0	27520.0	182.0	0.0	0.0	49.0	41.0	4.0	37.0	1.0	0.0	0.0	7.7530000000000001	1.3627213604302382	52.0	29.0	132.0	1113531.0
230	4187752.0	1019154.0	73472.0	100749.0	26947.0	0.0	0.0	156.0	73.0	49.0	22.0	30.0	0.0	0.0	5.7949999999999999	0.73712007163012438	46.0	23.0	330.0	5408074.0
231	494629.0	1389966.5	115074.0	76962.5	0.0	0.0	0.0	156.5	86.5	10.0	76.0	0.0	0.0	0.0	10.0945	2.2194632233943414	126.0	65.5	329.0	2076632.0
232	1159079.5	836448.5	99768.0	79275.0	182.0	0.0	0.0	84.0	58.5	19.0	35.0	1.0	0.0	0.0	15.323499999999999	1.1513034352419871	51.5	26.5	197.5	2174753.0
233	913705.0	1678299.0	67660.0	111555.0	838.0	0.0	0.0	126.0	97.0	9.0	53.0	1.0	0.0	0.0	12.031000000000001	2.2156973012151826	104.0	56.0	286.0	2772057.0
234	0.0	0.0	0.0	248.0	0.0	0.0	0.0	0.0	0.0	0.0	1.0	0.0	0.0	0.0	0.17199999999999999	0.023794386722632146	1.0	1.0	1.0	248.0
235	190035.0	1387441.0	81598.0	86542.0	9120.0	0.0	0.0	288.0	83.0	5.0	118.0	1.0	0.0	1.0	13.232999999999999	2.1001570689559661	208.0	135.0	496.0	1754736.0
236	908903.0	267086.0	203963.0	60645.0	0.0	0.0	0.0	31.0	21.0	11.0	11.0	0.0	0.0	0.0	7.2679999999999998	7.1511555157104887	21.0	8.0	74.0	1440597.0
237	5823758.0	1138959.5	147191.0	99220.5	33.5	0.0	0.0	114.0	49.0	11.0	22.0	0.5	0.0	0.0	5.5465	3.0653706036138599	62.0	30.0	196.5	7209162.5
238	214531.0	24471.0	317721.0	56236.0	8713.0	0.0	0.0	31.0	3.0	4.0	3.0	4.0	0.0	0.0	1.764	0.42217490962986853	3.0	2.0	45.0	621672.0
239	0.0	29.0	0.0	6750.0	0.0	0.0	0.0	0.0	1.0	0.0	1.0	0.0	0.0	0.0	0.13800000000000001	0.023725302948539986	1.0	1.0	2.0	6779.0
240	1201252.0	1140709.5	91326.0	324077.5	134.0	0.0	0.0	128.5	85.5	11.0	54.5	2.0	0.0	0.0	8.9800000000000004	3.3180839326899196	100.0	56.5	281.5	2757499.0
241	1037522.5	1383657.5	202786.0	59434.0	0.0	0.0	0.0	95.0	64.5	5.0	29.5	0.0	0.0	0.0	5.8164999999999996	0.38199474391017468	65.0	37.0	194.0	2683400.0
242	306204.5	1058576.0	81598.0	84108.5	0.0	0.0	0.0	247.5	77.0	5.0	98.5	0.0	0.0	0.0	12.446999999999999	4.2119713540692567	193.5	135.0	428.0	1530487.0
243	669288.0	279011.0	431416.0	16963.0	0.0	0.0	0.0	38.0	30.0	11.0	17.0	0.0	0.0	0.0	5.4950000000000001	0.75091586745786665	22.0	9.0	96.0	1396678.0
244	13690833.0	1161577.0	127240.0	136993.0	0.0	0.0	0.0	111.0	74.0	7.0	83.0	0.0	0.0	0.0	16.874000000000002	2.5772565622683166	95.0	50.0	275.0	15116643.0
245	2214819.0	1585196.5	159328.0	180329.5	14905.5	0.0	1504957.0	113.5	58.5	5.0	45.0	3.0	0.0	2.0	9.9974999999999987	1.6326264451413868	76.5	34.0	227.0	5659535.5
246	1168253.5	918488.0	43305.0	105685.5	0.0	0.0	0.0	130.0	53.0	9.0	72.5	0.0	0.0	0.0	12.439499999999999	2.5222797723488175	85.5	54.0	264.5	2235732.0
247	1385937.5	1225675.5	96130.0	290643.5	584.0	0.0	0.0	180.5	97.0	9.0	110.0	2.0	0.0	0.0	17.164999999999999	2.8015940523878546	131.0	69.0	398.5	2998970.5
248	476383.0	705213.0	52378.0	149711.0	0.0	0.0	0.0	466.0	120.0	4.0	238.0	0.0	0.0	0.0	19.41	1.1669738643174488	231.0	135.0	828.0	1383685.0
249	1658444.0	297975.0	80463.0	57189.0	0.0	0.0	0.0	18.0	26.0	11.0	6.0	0.0	0.0	0.0	2.4145000000000003	0.44840133808899368	16.5	11.0	61.0	2094071.0
250	4456937.0	1684973.0	183946.0	171178.0	0.0	0.0	0.0	276.0	66.0	4.0	64.0	0.0	0.0	0.0	16.065000000000001	1.6295778594470411	84.0	48.0	410.0	6497034.0
251	1030473.0	1702163.0	102450.0	59027.0	0.0	0.0	0.0	96.0	70.0	3.0	34.0	0.0	0.0	0.0	6.5060000000000002	1.9362488425424338	67.0	38.0	203.0	2894113.0
252	1394040.0	304664.0	29873.0	33247.0	3608.0	0.0	0.0	63.0	25.0	1.0	13.0	1.0	0.0	0.0	2.7189999999999999	0.54657277874875532	35.0	20.0	103.0	1765432.0
253	0.0	29.0	0.0	6988.0	0.0	0.0	0.0	0.0	1.0	0.0	2.0	0.0	0.0	0.0	0.156	0.14369214348309173	1.0	1.0	3.0	7017.0
254	205885.0	381385.5	37907.0	39085.0	15481.0	0.0	0.0	28.0	27.0	36.0	4.0	2.0	0.0	0.0	3.0954999999999999	0.78268816268038699	20.0	11.0	97.0	679743.5
255	2159140.0	1049657.0	141130.0	86211.0	6177.0	0.0	0.0	139.0	67.0	9.0	68.0	1.0	0.0	0.0	10.658999999999999	1.1142751616196374	107.0	60.0	284.0	3442315.0
256	1422765.0	1608271.0	341652.5	69439.5	0.0	0.0	-0.5	127.5	68.5	26.0	52.5	0.0	0.0	0.5	9.1804999999999986	1.5016468251556356	87.5	50.5	275.0	3442127.5
257	1470617.5	914997.0	70628.0	66358.0	0.0	0.0	0.0	69.5	29.0	6.0	22.5	0.0	0.0	0.0	11.959	3.0456538870987946	36.0	17.5	127.0	2522600.5
258	917748.0	1299654.5	261031.0	44492.5	3774.0	0.0	0.0	26.0	44.0	14.0	5.0	1.0	0.0	0.0	6.7669999999999995	1.2264133428416373	20.0	11.0	90.0	2526700.0
259	1371658.0	1757861.5	192792.0	133789.0	0.0	0.0	0.0	86.5	72.0	4.0	30.0	0.0	0.0	0.0	7.1140000000000008	1.7414926241589421	65.5	38.0	192.5	3456100.5
260	1448.0	16022.0	0.0	1411.0	0.0	0.0	0.0	2.0	1.0	0.0	3.0	0.0	0.0	0.0	0.91800000000000004	0.529546346728342	5.0	3.0	6.0	18881.0
261	2242578.0	507864.0	36836.0	89518.5	0.0	0.0	0.0	56.0	11.0	2.0	13.0	0.0	0.0	0.0	4.6914999999999996	1.6568502919696755	15.5	7.0	82.0	2876796.5
262	1544838.5	636968.0	127180.0	30720.0	0.0	0.0	0.0	43.0	43.0	9.0	15.0	0.0	0.0	0.0	4.9824999999999999	2.479025657390419	41.0	21.5	110.0	2339706.5
263	1205389.0	1197728.0	133557.0	79571.0	980.0	0.0	0.0	167.0	103.0	19.0	78.0	8.0	0.0	0.0	12.883999999999999	1.3353944901954795	117.0	66.0	375.0	2617225.0
264	1386397.0	1471363.0	176777.5	150584.0	0.0	0.0	0.0	164.5	68.5	2.5	54.0	0.0	0.0	0.0	13.838999999999999	3.786642285719632	80.0	44.5	289.5	3185121.5
265	500249.0	491683.0	96501.0	22599.0	0.0	0.0	0.0	32.0	9.0	6.0	4.0	0.0	0.0	0.0	2.3740000000000001	0.45404057033063988	12.0	7.0	51.0	1111032.0
266	284645.5	1338118.5	82159.5	122063.5	9112.0	0.0	0.0	242.0	73.5	5.5	97.0	1.0	0.0	1.0	13.269	4.4538399285756771	192.5	129.0	420.0	1836099.0
267	3804277.5	2529689.0	551092.5	481694.0	1333.0	0.0	0.0	535.5	201.5	14.5	226.0	1.0	0.0	0.0	27.486500000000003	2.0553173045109654	221.0	123.5	978.5	7368086.0
268	529478.0	1918995.5	543967.5	198775.5	5570.0	0.0	0.0	31.5	45.5	10.5	15.0	2.0	0.0	0.0	4.6964999999999995	4.5743971198399471	36.5	21.0	104.5	3196786.5
269	281091.0	1721494.0	305442.0	151790.0	0.0	0.0	0.0	56.0	45.0	6.0	15.0	0.0	0.0	0.0	4.5630000000000006	0.65803091975835359	47.0	24.0	122.0	2459817.0
271	2645300.0	2329333.0	108911.0	247841.0	25788.0	0.0	787310.0	175.0	109.0	16.0	30.0	6.0	0.0	12.0	9.2999999999999989	1.7564038715511876	75.0	45.0	348.0	6144483.0
272	3305051.0	1614967.0	176527.0	225036.0	0.0	0.0	0.0	397.0	68.0	3.0	57.0	0.0	0.0	0.0	12.942	4.3910626262505437	81.0	48.0	525.0	5321581.0
274	813813.0	1320631.0	73381.0	353503.0	0.0	0.0	0.0	288.0	112.0	11.0	136.0	0.0	0.0	0.0	17.335000000000001	2.5932541975929264	173.0	103.0	547.0	2561328.0
275	3409256.0	1294076.0	198709.0	118839.0	0.0	0.0	0.0	118.0	67.0	21.0	23.0	0.0	0.0	0.0	6.5029999999999992	0.77254856413730866	52.0	23.0	229.0	5020880.0
276	0.0	29.0	0.0	6989.0	0.0	0.0	0.0	0.0	1.0	0.0	2.0	0.0	0.0	0.0	0.13550000000000001	0.041727688649145188	1.0	1.0	3.0	7018.0
277	868961.5	846587.0	95277.0	126693.0	1874.0	0.0	0.0	155.0	89.5	20.0	77.5	4.0	0.0	0.0	9.2504999999999988	3.0918699304250592	97.5	55.0	346.0	1939392.5
278	18804951.5	1745980.5	183320.0	169108.0	0.0	0.0	0.0	253.5	69.0	3.0	62.0	0.0	0.0	0.0	14.369	2.1090619265445953	87.5	48.5	387.5	20903360.0
279	752615.5	1432201.0	149978.0	136664.5	0.0	0.0	0.0	124.5	70.5	17.0	66.5	0.0	0.0	0.0	15.1775	4.0438163421914952	95.5	57.0	278.5	2471459.0
280	482561.0	1313544.5	211887.0	65636.5	182.0	0.0	0.0	53.5	34.0	2.0	32.0	1.0	0.0	0.0	15.419	3.6952801463488529	46.0	25.0	122.5	2073811.0
281	3393496.0	158940.0	383880.0	52540.0	0.0	0.0	0.0	196.0	5.0	16.0	4.0	0.0	0.0	0.0	2.8980000000000001	0.4283283037606424	17.0	10.0	221.0	3988856.0
282	1760982.0	973397.0	281337.0	163898.0	39820.0	0.0	0.0	41.0	36.0	13.0	16.0	4.0	0.0	0.0	7.0839999999999996	1.1177951290899795	31.0	18.0	110.0	3219434.0
283	1483077.0	837884.0	310797.0	115203.0	0.0	0.0	0.0	22.0	28.0	16.0	13.0	0.0	0.0	0.0	6.0910000000000002	0.35452371109475167	28.0	13.0	79.0	2746961.0
284	0.0	29.0	0.0	6987.0	0.0	0.0	0.0	0.0	1.0	0.0	2.0	0.0	0.0	0.0	0.13	0.017889233951123362	1.0	1.0	3.0	7016.0
285	0.0	29.0	0.0	7393.0	0.0	0.0	0.0	0.0	1.0	0.0	3.0	0.0	0.0	0.0	0.11799999999999999	0.017162261211056757	2.0	2.0	4.0	7422.0
287	412177.0	1537013.0	116886.0	91895.5	0.0	0.0	0.0	141.5	77.0	10.0	65.0	0.0	0.0	0.0	10.459	3.4065741015534945	108.0	55.0	293.5	2157971.5
288	3738884.0	2168455.0	109508.0	423224.0	7670.0	0.0	-1.0	899.0	255.0	39.0	425.0	3.0	0.0	1.0	30.026999999999997	0.0	255.0	137.0	1622.0	6447740.0
289	1117707.0	1111769.0	106684.0	117002.0	0.0	0.0	0.0	108.0	63.0	16.0	42.0	0.0	0.0	0.0	6.8489999999999993	1.9744104984340343	64.0	35.0	229.0	2453162.0
290	662053.0	87078.0	20453.0	14119.0	0.0	0.0	0.0	24.0	15.0	9.0	3.0	0.0	0.0	0.0	4.407	0.65551406648372135	11.0	5.0	51.0	783703.0
291	4622737.0	638612.0	82287.0	46961.0	0.0	0.0	0.0	137.0	27.0	7.0	14.0	0.0	0.0	0.0	5.2610000000000001	0.7802510323411227	28.0	10.0	185.0	5390597.0
292	1584769.0	556073.5	85796.0	61636.0	8885.0	0.0	0.0	39.0	41.0	18.0	17.0	2.0	0.0	0.0	5.077	0.42003405814290817	33.0	19.0	117.0	2297159.5
293	1215754.0	2285759.0	215929.0	136459.0	0.0	298261.0	1031624.0	169.0	89.0	7.0	53.0	0.0	3.0	5.0	26.782	1.3094207474595592	92.0	48.0	326.0	5183786.0
294	4070133.5	532720.0	74710.0	48050.0	892.0	0.0	0.0	62.5	45.0	2.0	34.0	2.0	0.0	0.0	5.7754999999999992	0.42749812865087489	37.0	22.0	145.5	4726505.5
295	6162908.0	1033557.0	142548.0	227618.0	542.5	0.0	8955892.5	182.0	52.0	16.0	28.0	1.5	0.0	1.0	9.0860000000000003	3.7834515207677772	53.5	25.5	280.5	16523066.0
296	1199538.5	1534242.5	225285.5	90727.5	0.0	0.0	0.0	90.5	136.5	35.5	35.0	0.0	0.0	0.0	13.119499999999999	1.4143201547033117	63.5	36.0	297.5	3049794.0
297	1070999.0	748882.5	16098.0	50490.5	0.0	0.0	0.0	29.5	30.5	6.0	32.0	0.0	0.0	0.0	9.7164999999999999	1.9647690678550498	29.5	13.5	98.0	1886470.0
298	5849356.0	1583623.0	176180.0	191079.0	0.0	0.0	0.0	410.5	61.5	2.0	56.5	0.0	0.0	0.0	14.629999999999999	3.7078140123258607	81.5	45.5	530.5	7800238.0
299	2884358.0	1887370.0	108804.0	201864.0	402.0	0.0	217932.0	364.0	86.0	18.0	114.0	1.0	0.0	1.0	18.013999999999999	3.8927881023601256	143.0	89.0	584.0	5300730.0
300	1364674.0	2707228.0	207050.0	70641.0	3989.0	0.0	0.0	306.0	92.0	9.0	45.0	4.0	0.0	0.0	9.9359999999999999	1.0722091881763915	93.0	47.0	456.0	4353582.0
301	837508.0	194356.0	16810.0	22151.0	0.0	0.0	0.0	43.0	20.0	6.0	13.0	0.0	0.0	0.0	4.819	1.0480872525171216	30.0	14.0	82.0	1070825.0
302	1048959.0	1597415.5	102436.0	70705.0	0.0	0.0	0.0	75.0	63.0	3.0	27.0	0.0	0.0	0.0	5.3159999999999998	0.92654751092429144	62.0	34.5	168.0	2819515.5
303	631769.0	1847852.0	639560.0	288000.5	5832.0	0.0	0.0	118.0	91.0	19.0	36.0	2.0	0.0	0.0	12.615	1.6365510196752189	68.0	40.0	266.0	3413013.5
304	992356.0	706349.0	196985.0	115911.0	182.0	0.0	0.0	52.0	48.0	12.0	25.0	1.0	0.0	0.0	7.0709999999999997	3.8318691394723818	22.0	11.0	138.0	2011783.0
305	2958389.5	1299404.5	327625.0	126095.0	0.0	0.0	0.0	233.5	86.0	7.0	48.0	0.0	0.0	0.0	24.320999999999998	3.1538278726018008	81.0	44.0	374.5	4711514.0
306	2767077.5	2390744.0	70432.5	623784.5	120354.5	0.0	468026.5	375.5	148.0	16.0	196.5	9.0	0.0	1.0	24.895499999999998	1.9761921015483845	218.0	112.0	746.0	6440419.5
307	2180258.0	472477.0	101051.0	22801.0	0.0	0.0	0.0	64.0	38.0	4.0	4.0	0.0	0.0	0.0	5.0219999999999994	0.58668238615303792	39.0	17.0	110.0	2776587.0
308	990079.0	1555410.0	116433.0	97373.0	0.0	0.0	0.0	131.0	70.0	9.0	61.0	0.0	0.0	0.0	9.5020000000000007	2.1554078299895467	100.0	51.0	271.0	2759295.0
309	1000635.0	1358195.0	192792.0	60613.0	182.0	0.0	0.0	86.0	61.0	4.0	33.0	1.0	0.0	0.0	5.2880000000000003	1.1773399395813142	57.0	33.0	185.0	2612417.0
310	1299554.0	1886976.0	141691.5	109857.0	7995.5	0.0	0.0	140.5	87.0	21.0	38.0	2.0	0.0	0.0	13.188500000000001	2.3116525710787514	63.0	28.5	288.5	3446074.0
311	1344870.0	1781085.0	276935.0	302271.0	134.0	0.0	0.0	164.0	114.0	23.0	64.0	2.0	0.0	0.0	10.696	2.4670099961264151	110.0	62.0	367.0	3705295.0
312	282889.0	2487090.0	314922.0	150881.0	2778.0	0.0	0.0	80.0	75.0	6.0	56.0	1.0	0.0	0.0	10.806999999999999	2.3113440765061357	65.0	35.0	218.0	3238560.0
313	7250456.0	2239199.0	195848.0	396861.0	7010.0	0.0	0.0	254.0	119.0	19.5	79.5	7.5	0.0	0.0	17.962	3.281075602508269	103.5	57.0	479.5	10089374.0
314	2328162.0	1133690.0	123906.0	45490.0	0.0	0.0	0.0	119.0	58.0	7.0	47.0	0.0	0.0	0.0	9.7300000000000004	1.4209272402984687	86.0	49.0	231.0	3631248.0
315	1236983.0	220654.0	21863.0	46184.0	0.0	0.0	0.0	109.0	13.0	5.0	2.0	0.0	0.0	0.0	0.98599999999999999	0.35304478084791258	4.0	2.0	129.0	1525684.0
316	269950.0	72107.0	46517.0	33788.0	0.0	0.0	0.0	15.0	10.0	6.0	2.0	0.0	0.0	0.0	1.0600000000000001	0.63059033677935961	5.0	4.0	33.0	422362.0
317	250844.0	1308660.0	81598.0	77017.0	0.0	0.0	0.0	181.0	74.0	5.0	82.0	0.0	0.0	0.0	12.494999999999999	5.9431485669541271	178.0	123.0	342.0	1718119.0
318	1599968.0	1761623.0	339816.0	314876.0	0.0	0.0	0.0	170.0	110.0	17.0	88.0	0.0	0.0	0.0	20.094000000000001	1.8736414007929676	138.0	72.0	385.0	4016283.0
319	362670.0	383369.5	37155.0	39267.0	15481.0	0.0	0.0	35.0	28.0	34.0	5.0	2.0	0.0	0.0	2.9995000000000003	0.70795228652784226	21.0	12.0	104.0	837942.5
320	358400.0	1383266.0	46690.5	151095.5	0.0	0.0	0.0	249.0	99.5	5.0	100.5	0.0	0.0	0.0	20.871500000000001	1.6238651421839194	173.0	88.0	454.0	1939452.0
321	852202.0	747693.0	59706.0	67121.0	0.0	0.0	0.0	46.0	22.0	3.0	9.0	0.0	0.0	0.0	1.9655	0.63946117943155856	12.0	10.0	80.0	1726722.0
322	1137701.0	867455.0	59047.0	121797.0	0.0	0.0	0.0	29.0	46.0	8.0	41.0	0.0	0.0	0.0	6.1870000000000003	0.57965707188617488	21.0	9.0	124.0	2186000.0
323	970327.0	950938.0	89192.0	79248.0	182.0	0.0	0.0	41.0	47.0	17.0	61.0	1.0	0.0	0.0	7.851	0.85245207678196	31.0	18.0	167.0	2089887.0
324	705628.5	2024083.0	315312.0	327519.5	0.0	0.0	0.0	115.5	97.0	24.0	53.0	0.0	0.0	0.0	9.8664999999999985	3.6231828548942988	102.5	55.5	289.5	3372543.0
325	162405.0	248882.0	48075.0	31073.0	0.0	0.0	0.0	6.0	8.0	1.0	6.0	0.0	0.0	0.0	3.0800000000000001	0.56371308699057598	16.0	9.0	21.0	490435.0
326	1241438.0	1067026.0	682985.0	88621.0	4781.0	0.0	0.0	29.0	30.0	33.0	5.0	1.0	0.0	0.0	5.7625000000000002	1.2834070320829631	20.5	10.0	98.0	3084851.0
328	783576.5	1249884.0	68997.0	103457.0	0.0	0.0	0.0	90.5	70.0	9.0	56.5	0.0	0.0	0.0	9.0724999999999998	2.088135277586201	87.0	45.5	226.0	2205914.5
330	2561841.0	1099176.0	43153.0	104109.0	0.0	0.0	0.0	137.0	54.0	9.0	68.0	0.0	0.0	0.0	12.046999999999999	1.4773415727071986	90.0	58.0	268.0	3808279.0
331	214429.0	924306.5	105894.0	79353.5	0.0	0.0	0.0	17.0	14.0	3.0	7.0	0.0	0.0	0.0	4.6784999999999997	0.63678163447134695	11.0	3.0	41.0	1323983.0
332	102029.0	159926.0	17494.0	27652.0	0.0	0.0	0.0	8.0	5.0	3.0	1.0	0.0	0.0	0.0	0.58100000000000007	0.14040180435687666	2.0	2.0	17.0	307101.0
333	1522657.0	1386017.5	67746.5	112116.0	0.0	0.0	0.0	153.0	82.5	6.5	42.0	0.0	0.0	0.0	8.3330000000000002	1.6624115431772268	101.0	50.0	284.0	3088537.0
334	2813149.0	1109021.5	166579.0	91414.0	48279.0	0.0	0.0	42.0	29.0	6.0	18.5	5.0	0.0	0.0	7.1935000000000002	1.7310388210551488	35.0	13.0	100.5	4228442.5
335	802117.0	1295549.5	87555.0	121977.0	0.0	0.0	0.0	90.0	73.0	12.0	37.5	0.0	0.0	0.0	5.6935000000000002	2.0401837386617903	74.0	48.0	212.5	2307198.5
336	914188.0	925296.0	79309.0	8157.0	1931.0	0.0	0.0	33.0	14.0	4.0	6.0	1.0	0.0	0.0	6.3700000000000001	0.8845816895188926	23.0	13.0	58.0	1928881.0
337	284952.0	1148117.0	91677.0	314116.0	0.0	0.0	0.0	100.0	86.0	14.0	55.0	0.0	0.0	0.0	11.405999999999999	1.2208659021450345	92.0	51.0	255.0	1838862.0
338	3334828.0	277867.0	205406.0	25074.0	0.0	0.0	0.0	48.0	27.0	22.0	5.0	0.0	0.0	0.0	4.2789999999999999	0.31186563266815115	12.0	7.0	102.0	3843175.0
339	2553208.0	954597.0	72705.0	21831.0	0.0	0.0	0.0	17.0	23.0	7.0	11.0	0.0	0.0	0.0	3.819	0.58847998266721036	12.0	10.0	58.0	3602341.0
340	2418739.0	1305618.0	104977.0	215743.0	0.0	0.0	0.0	121.0	88.0	13.0	39.0	0.0	0.0	0.0	9.1240000000000006	2.7413647362735136	60.0	33.0	261.0	4045077.0
341	725307.5	373537.0	11639.5	20872.0	735.0	0.0	0.0	77.5	14.0	2.0	17.5	6.0	0.0	0.0	3.7504999999999997	0.93636053419609677	37.5	23.0	117.0	1132091.0
342	106060.0	373480.0	91836.0	17955.0	0.0	0.0	0.0	7.0	15.0	4.0	4.0	0.0	0.0	0.0	2.3179999999999996	0.31273788970049815	16.0	10.0	30.0	589331.0
343	0.0	29.0	0.0	6989.0	0.0	0.0	0.0	0.0	1.0	0.0	2.0	0.0	0.0	0.0	0.13200000000000001	0.018864690382030567	1.0	1.0	3.0	7018.0
344	948173.0	883629.5	25337.0	148302.5	1895.0	0.0	0.0	249.5	73.5	5.0	95.0	4.0	0.0	0.0	13.897	5.3083848517581131	154.5	88.5	427.0	2007337.0
345	185134.0	1277732.0	81598.0	93778.5	9117.0	0.0	0.0	328.5	85.0	5.0	130.5	1.0	0.0	1.0	14.088000000000001	1.1607329513609059	214.0	135.5	551.0	1647359.5
346	4956119.0	1557653.0	176806.0	159541.0	0.0	0.0	0.0	306.0	69.0	3.0	56.0	0.0	0.0	0.0	13.919	3.5496441066606406	82.0	46.0	434.0	6850119.0
347	1657367.0	1534914.5	183320.0	154078.5	0.0	0.0	0.0	168.5	57.5	3.0	54.0	0.0	0.0	0.0	13.079000000000001	3.1026866482937012	83.0	44.0	283.0	3529680.0
348	3393353.0	365989.0	234624.0	38551.0	0.0	0.0	0.0	35.0	15.0	5.0	5.0	0.0	0.0	0.0	2.952	0.70448985132312858	22.0	15.0	60.0	4032517.0
349	83833.0	105600.0	93121.0	16557.0	10279.0	0.0	0.0	9.0	4.0	5.0	3.0	4.0	0.0	0.0	2.5815000000000001	0.97394743698004571	4.0	3.0	25.0	309390.0
350	107713.0	352574.0	91905.0	19173.0	0.0	0.0	0.0	4.0	13.0	4.0	4.0	0.0	0.0	0.0	1.478	0.34919763409038296	15.0	9.0	25.0	571365.0
351	2245541.0	1535311.0	176180.0	190449.0	0.0	0.0	0.0	245.0	58.0	2.0	47.0	0.0	0.0	0.0	12.372999999999999	1.674022736538838	75.0	39.0	352.0	4147481.0
352	1715137.5	1343801.0	243568.0	72419.0	0.0	0.0	0.0	59.0	44.0	8.0	13.0	0.0	0.0	0.0	5.8300000000000001	0.87555295920635234	29.0	9.0	124.0	3374925.5
353	732352.5	1053805.5	167371.0	187103.5	6593.5	0.0	0.0	80.5	40.0	14.0	29.0	6.5	0.0	0.0	10.189500000000001	1.503131730754161	58.5	33.0	170.0	2147226.0
354	464709.0	1236650.0	81598.0	78824.0	0.0	0.0	0.0	246.0	80.0	5.0	98.0	0.0	0.0	0.0	13.222000000000001	1.0075925642392385	193.0	131.0	429.0	1861781.0
355	816857.0	292462.0	78451.0	26765.0	0.0	0.0	-1.0	31.0	19.0	5.0	4.0	0.0	0.0	1.0	8.5594999999999999	2.0462225525037594	11.0	7.0	60.0	1214534.0
356	881831.0	2004502.5	180570.0	184463.0	79240.5	0.0	0.0	571.0	125.5	12.0	210.0	27.0	0.0	0.0	24.4025	3.3770292418041041	233.5	122.0	945.5	3330607.0
357	1825026.0	460110.0	11256.0	55587.0	0.0	0.0	0.0	105.0	27.0	6.0	36.0	0.0	0.0	0.0	8.4909999999999997	1.317321834756614	27.0	14.0	174.0	2351979.0
358	7335716.0	1001852.5	74710.0	50829.0	892.0	0.0	0.0	68.0	50.0	2.0	36.0	2.0	0.0	0.0	6.5410000000000004	0.2549655613999664	45.5	26.0	158.0	8463999.5
360	5308666.0	1558730.5	177818.0	164349.0	0.0	0.0	0.0	265.5	66.5	4.0	54.0	0.0	0.0	0.0	13.887	1.3490853345878457	83.0	46.0	390.0	7209563.5
361	481020.0	1933517.0	246254.0	332500.0	293.0	0.0	0.0	123.0	77.0	9.0	85.0	4.0	0.0	0.0	12.286999999999999	1.0415722564623633	112.0	67.0	298.0	2993584.0
362	2071680.0	1439540.0	176527.0	146860.0	0.0	0.0	0.0	219.0	53.0	3.0	50.0	0.0	0.0	0.0	14.481999999999999	1.3830563399609472	73.0	40.0	325.0	3834607.0
364	1795000.0	676045.0	157920.0	153440.0	0.0	0.0	0.0	91.0	43.0	12.0	50.0	0.0	0.0	0.0	7.008	2.530506717022889	105.0	81.0	196.0	2782405.0
365	1233149.5	1535592.0	101838.0	42382.5	0.0	0.0	0.0	79.0	64.5	2.0	24.5	0.0	0.0	0.0	5.4435000000000002	1.1826098088549748	62.0	35.5	170.0	2912962.0
366	85938.0	640680.0	67881.0	55537.0	0.0	0.0	0.0	22.0	20.0	4.0	3.0	0.0	0.0	0.0	4.6070000000000002	1.0337938519816521	14.0	6.0	49.0	850036.0
367	564407.0	1304118.5	118783.0	158582.5	8647.0	0.0	0.0	120.5	73.5	9.5	62.5	8.0	0.0	0.0	10.1235	8.3227928117609657	88.5	46.5	274.0	2154538.0
368	654607.0	2464693.0	122317.0	106320.0	3720.0	0.0	0.0	75.0	79.0	10.0	26.0	6.0	0.0	0.0	6.3180000000000005	1.4430398812109912	59.0	28.0	196.0	3351657.0
369	0.0	29.0	0.0	6989.0	0.0	0.0	0.0	0.0	1.0	0.0	2.0	0.0	0.0	0.0	0.159	0.020932578424698971	1.0	1.0	3.0	7018.0
370	844219.5	1088217.0	45438.0	90302.0	182.0	0.0	0.0	128.0	55.0	10.0	56.5	1.0	0.0	0.0	10.666	1.6063477985791246	84.0	52.0	250.5	2068358.5
371	721395.0	1237565.0	125391.0	91294.0	0.0	0.0	0.0	128.0	76.0	10.0	65.0	0.0	0.0	0.0	9.048	2.0291318401452765	97.0	52.0	279.0	2175645.0
372	1806974.0	1568620.0	176806.0	159686.0	0.0	0.0	0.0	205.0	70.0	3.0	56.0	0.0	0.0	0.0	13.985999999999999	1.270121953899616	88.0	47.0	334.0	3712086.0
373	991540.0	1335695.0	54700.0	53779.0	0.0	0.0	0.0	64.0	67.0	2.0	23.0	0.0	0.0	0.0	5.6160000000000005	0.84528483036456092	56.0	32.0	156.0	2435714.0
374	528820.0	278330.0	3496.0	32751.0	0.0	0.0	0.0	97.0	11.0	2.0	7.0	0.0	0.0	0.0	0.84199999999999997	0.6917438154207376	13.0	6.0	117.0	843397.0
375	944502.0	1598168.0	135535.0	118041.0	402.0	0.0	0.0	114.0	73.0	12.0	54.0	1.0	0.0	0.0	10.127000000000001	2.4961289189957543	98.0	50.0	254.0	2796648.0
376	57753.0	303035.0	24634.0	48093.0	0.0	0.0	0.0	84.5	32.0	3.0	49.5	0.0	0.0	0.0	20.409500000000001	2.0612017125938946	72.0	44.0	169.0	433515.0
377	1058591.0	1761919.0	32316.0	101954.0	7632.0	0.0	0.0	113.0	85.0	6.0	53.0	6.0	0.0	0.0	10.506	1.2482327752564786	97.0	53.0	263.0	2962412.0
378	805686.5	612923.0	30990.0	32920.0	0.0	0.0	0.0	79.0	48.5	11.0	47.0	0.0	0.0	0.0	5.9459999999999997	1.60061351050152	66.5	34.5	185.5	1482519.5
379	660043.0	318180.0	75031.0	17391.0	0.0	0.0	0.0	9.0	13.0	5.0	3.0	0.0	0.0	0.0	1.6034999999999999	0.41543987531290255	12.0	7.0	30.0	1070645.0
380	1626998.0	1576246.0	175473.0	132564.0	0.0	0.0	0.0	105.0	85.0	17.0	40.0	0.0	0.0	0.0	10.135	3.3306315329323448	76.0	49.0	247.0	3511281.0
381	2696069.5	1614942.0	133440.0	129540.5	0.0	0.0	0.0	142.0	77.5	17.0	30.5	0.0	0.0	0.0	9.2184999999999988	7.1556195213534801	79.0	48.5	267.0	4573992.0
382	2223110.0	1506297.0	322741.0	175450.0	0.0	0.0	0.0	211.0	80.0	23.0	65.0	0.0	0.0	0.0	12.047000000000001	1.0529734382824645	108.0	61.0	379.0	4227598.0
383	1709164.0	1707792.0	183320.0	151432.0	0.0	0.0	0.0	188.0	68.0	3.0	53.0	0.0	0.0	0.0	15.319000000000001	1.9397338178086756	78.0	42.0	312.0	3751708.0
384	5113680.0	822071.0	227065.0	173394.0	0.0	0.0	0.0	42.0	35.0	19.0	17.0	0.0	0.0	0.0	3.677	0.8395314830970374	22.0	11.0	113.0	6336210.0
385	76763029.0	142688.0	41681.0	83658.0	0.0	0.0	0.0	472.0	28.0	20.0	4.0	0.0	0.0	0.0	9.9469999999999992	1.2935167204844469	8.0	4.0	524.0	77031056.0
386	5307.0	545889.0	35401.0	50700.0	0.0	0.0	0.0	16.0	24.0	6.0	20.0	0.0	0.0	0.0	6.6479999999999997	0.73768503433141674	31.0	15.0	66.0	637297.0
387	0.0	29.0	0.0	6750.0	0.0	0.0	0.0	0.0	1.0	0.0	1.0	0.0	0.0	0.0	0.14599999999999999	0.022057724494528967	1.0	1.0	2.0	6779.0
388	2752895.5	1439098.5	94158.0	156726.0	0.0	0.0	0.0	61.0	59.0	22.0	30.0	0.0	0.0	0.0	7.673	0.93196042834446569	35.0	12.0	172.0	4442878.0
389	9372800.0	1428086.0	176527.0	157500.0	0.0	0.0	0.0	260.0	60.0	3.0	50.0	0.0	0.0	0.0	13.533000000000001	2.9297322972130635	78.0	44.0	373.0	11134913.0
390	812523.5	1322515.5	102453.0	97330.5	0.0	0.0	0.0	66.5	63.0	3.0	22.0	0.0	0.0	0.0	5.4414999999999996	0.54668286967857327	59.5	34.0	154.5	2334822.5
391	2710803.5	2364688.0	108484.0	248985.0	29229.0	0.0	394572.0	176.5	115.0	16.0	28.5	6.0	0.0	7.0	9.468	1.3696977184765986	69.5	44.0	349.0	5856761.5
392	1673807.0	2175124.0	311267.0	62669.0	182.0	0.0	0.0	108.0	83.0	14.0	49.0	1.0	0.0	0.0	13.250999999999999	2.2835762779648836	87.0	49.0	255.0	4223049.0
393	2942670.0	1311287.0	383049.0	561579.0	182.0	0.0	0.0	119.0	41.0	14.0	47.0	1.0	0.0	0.0	8.4199999999999999	6.2726117269079555	72.0	44.0	222.0	5198767.0
394	886256.0	1366963.5	93508.0	256160.5	1853.0	0.0	0.0	105.5	82.5	13.0	49.0	3.0	0.0	0.0	9.5090000000000003	2.7410650047016394	83.0	48.0	253.0	2604741.0
395	830246.0	1634556.0	122782.0	84535.0	0.0	0.0	0.0	89.0	80.0	14.0	57.0	0.0	0.0	0.0	10.231	2.2813127312531654	85.0	47.0	240.0	2672119.0
396	1134473.5	841860.0	116652.0	79752.0	0.0	0.0	0.0	82.0	24.0	4.0	15.0	0.0	0.0	0.0	5.0185000000000004	0.51907283689285832	32.5	15.0	125.0	2172737.5
397	947472.0	1674494.5	101853.0	46223.5	0.0	0.0	0.0	77.5	66.0	2.0	25.0	0.0	0.0	0.0	5.6675000000000004	1.5206692243877362	62.0	36.0	170.5	2770043.0
398	235679.0	1132550.5	16177.0	54435.0	11423.5	0.0	1504957.0	127.5	50.0	2.0	36.5	2.0	0.0	2.0	11.0395	2.1230546242383874	85.0	51.5	220.0	2955222.0
399	191866.0	776619.0	81598.0	70123.0	0.0	0.0	0.0	225.0	56.0	5.0	92.0	0.0	0.0	0.0	12.098000000000001	2.4809295500071671	179.0	122.0	378.0	1120206.0
400	357336.0	1417417.0	116292.0	84136.0	0.0	0.0	0.0	123.0	67.0	9.0	57.0	0.0	0.0	0.0	8.9610000000000003	1.1169984692231738	90.0	49.0	256.0	1975181.0
401	1861412.5	3560197.5	405912.0	208705.5	17038.0	0.0	0.0	324.5	164.0	37.0	125.5	6.0	0.0	0.0	20.289000000000001	3.0725954645688205	188.0	99.0	657.0	6053265.5
402	1465253.0	419684.5	42517.0	27498.0	8296.0	0.0	0.0	38.0	18.0	2.0	5.0	3.0	0.0	0.0	6.7675000000000001	0.77268140912021421	19.0	9.0	66.0	1963248.5
403	370284.0	1022059.0	81598.0	72907.0	0.0	0.0	0.0	170.0	71.0	5.0	74.0	0.0	0.0	0.0	9.9079999999999995	5.2062241595997376	149.0	104.0	320.0	1546848.0
404	476787.0	1667827.0	477982.0	131524.0	0.0	0.0	0.0	50.0	57.0	27.0	12.0	0.0	0.0	0.0	10.074	1.0589390917328532	34.0	15.0	146.0	2754120.0
405	5045479.0	1516929.0	176527.0	156693.5	0.0	0.0	0.0	260.5	59.0	3.0	52.5	0.0	0.0	0.0	14.036999999999999	2.7489437244148887	79.0	44.0	375.0	6895628.5
406	1098715.0	1469018.0	176806.0	139540.0	0.0	0.0	0.0	154.0	72.0	3.0	45.0	0.0	0.0	0.0	12.247	3.8794138764369235	71.0	39.0	274.0	2884079.0
407	330764.0	96669.5	20102.0	10523.5	0.0	0.0	0.0	9.0	15.0	7.0	2.0	0.0	0.0	0.0	1.9779999999999998	0.32475904914259129	7.0	4.0	33.0	458059.0
408	186197.0	1293769.5	81598.0	82319.0	9104.0	0.0	0.0	263.0	85.5	5.0	113.0	1.0	0.0	1.0	13.038500000000001	0.94677839716236301	198.5	129.0	468.5	1652987.5
409	538010.0	74355.0	41589.0	4743.0	0.0	0.0	0.0	18.0	2.0	2.0	3.0	0.0	0.0	0.0	1.9910000000000001	0.49159606523855004	7.0	5.0	25.0	658697.0
410	2595500.5	1730283.0	46568.0	192060.5	26963.0	0.0	0.0	151.0	76.0	6.0	26.0	6.0	0.0	0.0	7.976	1.3274589859483419	66.0	42.5	265.0	4591375.0
411	909043.0	1596849.5	102432.0	61450.0	0.0	0.0	0.0	89.0	60.0	3.0	28.5	0.0	0.0	0.0	5.9485000000000001	1.1339965784780837	62.0	36.0	180.5	2669774.5
412	687342.0	999729.0	85632.0	266685.0	0.0	0.0	0.0	243.5	91.5	4.0	110.0	0.0	0.0	0.0	13.564499999999999	3.6238063513689887	181.5	121.5	449.0	2039388.0
413	290543.0	1155446.0	81598.0	95851.0	0.0	0.0	0.0	256.0	80.0	5.0	111.0	0.0	0.0	0.0	12.689	2.7917550831769686	200.0	132.0	452.0	1623438.0
414	3738101.0	436979.0	20525.0	26014.0	0.0	0.0	0.0	103.0	15.0	9.0	4.0	0.0	0.0	0.0	2.722	0.84068430386526916	14.0	4.0	131.0	4221619.0
415	1964276.0	897744.0	58503.0	145881.0	0.0	0.0	0.0	60.0	22.0	6.0	18.0	0.0	0.0	0.0	8.5649999999999995	0.85340239882542357	22.0	7.0	106.0	3066404.0
416	917845.0	1561068.0	176806.0	137528.0	0.0	0.0	0.0	156.0	66.0	3.0	48.0	0.0	0.0	0.0	16.341999999999999	4.6047108674529724	82.0	43.0	273.0	2793247.0
417	1665370.0	509737.0	52707.0	52732.0	0.0	0.0	0.0	52.0	42.0	10.0	5.0	0.0	0.0	0.0	6.0830000000000002	1.0970676515597229	16.0	7.0	109.0	2280546.0
418	5194318.0	3195599.0	365269.0	162545.0	16325.0	0.0	0.0	385.0	141.0	31.0	131.0	6.0	0.0	0.0	21.02	4.3453188229943942	205.0	107.0	694.0	8934056.0
419	3349435.0	1713971.0	183928.0	166587.0	0.0	0.0	0.0	295.0	70.0	4.0	57.0	0.0	0.0	0.0	15.218	3.2234850054323068	87.0	45.0	426.0	5413921.0
420	189170.0	1274904.0	81598.0	81521.5	9088.0	0.0	0.0	220.0	82.5	5.0	93.0	1.0	0.0	1.0	14.542999999999999	2.6237435088056915	175.5	104.5	402.5	1636281.5
421	296887.0	805515.0	63404.0	104319.0	0.0	0.0	0.0	83.0	82.0	10.0	61.0	0.0	0.0	0.0	10.679	2.2977467277076813	97.0	59.0	236.0	1270125.0
422	4157169.5	2067757.0	204851.0	138141.0	0.0	0.0	0.0	308.5	119.5	17.0	72.5	0.0	0.0	0.0	14.612	3.0716435314624317	142.0	85.0	517.5	6567918.5
423	798559.0	1560154.0	117930.0	96223.0	0.0	0.0	0.0	131.0	80.0	10.0	69.0	0.0	0.0	0.0	10.587000000000002	3.8304335247663959	102.0	52.0	290.0	2572866.0
424	707329.0	1168953.5	115297.0	82576.5	0.0	0.0	0.0	105.0	62.0	10.0	57.5	0.0	0.0	0.0	9.6269999999999989	1.7147020265923758	85.0	46.5	234.5	2074156.0
425	970521.0	489854.0	10976.0	41124.0	0.0	0.0	0.0	45.0	12.0	4.0	8.0	0.0	0.0	0.0	5.1724999999999994	1.772387432250635	13.0	6.0	69.0	1512475.0
426	936579.0	532128.0	74710.0	48857.0	892.0	0.0	0.0	61.0	44.0	2.0	32.0	2.0	0.0	0.0	5.7559999999999993	1.606168179930801	36.0	22.0	141.0	1593166.0
427	945942.0	1809824.0	102456.0	104211.0	0.0	0.0	0.0	120.0	76.0	3.0	36.0	0.0	0.0	0.0	8.734	5.2665021071337703	84.0	46.0	235.0	2962433.0
428	2101115.0	1754729.0	107775.0	189470.0	0.0	0.0	0.0	92.0	57.0	10.0	40.0	0.0	0.0	0.0	14.849	2.6210091827009059	32.0	11.0	199.0	4153089.0
429	4370461.0	1268869.0	125470.0	441654.0	0.0	0.0	0.0	171.0	58.0	2.0	60.0	0.0	0.0	0.0	11.210000000000001	2.4309115701169377	89.0	51.0	291.0	6206454.0
430	170243.5	1790464.5	102933.0	252448.5	9404.0	0.0	0.0	210.0	84.5	5.5	90.5	1.0	0.0	0.0	16.260999999999999	3.2889677498228833	173.5	108.5	391.5	2325493.5
431	1042420.0	862902.0	53411.0	135054.0	18318.0	0.0	0.0	66.0	35.0	10.0	25.0	4.0	0.0	0.0	11.523	2.7251664078762756	29.0	13.0	140.0	2112105.0
432	2433603.0	2276682.0	293892.0	295670.0	15783.0	0.0	0.0	209.0	103.0	25.0	75.0	2.0	0.0	0.0	16.59	2.2269785266195745	120.0	72.0	414.0	5315630.0
433	238667.5	1186830.5	81951.0	91703.0	91.0	0.0	0.0	273.0	87.5	5.5	116.5	0.5	0.0	0.0	14.067499999999999	1.4086359438201992	198.0	134.0	483.0	1599243.0
