	others_app_size	others_app_number	others_text_size	others_text_number
0	369464.0	4.0	0.0	0.0
1	673011.0	27.5	24811.0	15.5
2	694701.5	21.5	0.0	11.0
3	664687.5	17.0	0.0	0.0
4	370730.5	6.0	0.0	1.0
5	529773.5	21.0	0.0	0.0
6	473489.5	20.0	917.0	10.0
7	472253.5	13.0	0.0	0.0
8	56629.5	2.5	0.0	0.0
9	436105.0	8.0	25034.0	1.5
10	383729.5	15.5	17940.5	10.0
11	521515.0	8.0	0.0	0.0
12	426800.5	18.0	100826.0	4.0
13	369464.0	4.0	118290.0	7.0
14	370484.0	8.0	0.0	0.0
15	380041.0	10.0	156944.0	6.0
16	382821.0	24.0	0.0	0.0
17	511966.0	24.0	125113.5	5.5
18	401259.0	24.0	1286.0	1.0
19	517806.0	31.5	40987.0	7.0
20	382615.0	13.0	64088.0	5.0
21	457994.5	23.0	792.0	6.0
22	683820.5	24.0	201211.5	14.0
23	413937.5	20.5	5638.5	2.0
24	1134915.0	12.0	0.0	4.0
25	638309.0	17.0	0.0	0.0
26	370537.0	8.0	425.5	2.0
27	474107.0	24.0	705596.5	23.0
28	654755.0	16.0	696.0	7.0
29	0.0	0.0	0.0	0.0
30	465565.0	8.0	0.0	1.0
31	443602.0	10.0	0.0	3.0
32	675847.0	23.0	0.0	0.0
33	471056.5	11.0	7011.0	1.0
34	486488.0	17.0	0.0	0.0
35	934249.5	11.5	23929.5	9.0
36	0.0	0.0	0.0	0.0
37	409355.0	7.0	0.0	1.0
38	581441.0	29.0	40987.0	6.0
39	369464.0	4.0	0.0	0.0
40	213886.5	4.0	6859.0	7.0
41	676178.0	28.0	0.0	1.0
42	1019263.5	33.0	0.0	0.0
43	642378.0	15.0	1.0	4.0
44	0.0	0.0	0.0	0.0
45	439679.5	12.0	0.0	0.0
46	444778.5	15.0	405896.5	13.5
47	393257.0	7.0	1.0	0.5
48	0.0	0.0	0.0	0.0
49	383411.0	13.5	319.5	2.0
50	722249.5	24.0	0.0	4.5
51	389032.0	14.0	0.0	1.0
52	525276.0	9.0	0.0	0.0
53	526532.0	20.0	0.0	0.0
54	465032.5	15.0	0.0	1.0
55	524968.0	14.0	0.0	0.0
56	0.0	0.0	0.0	0.0
57	498851.0	33.5	0.0	0.0
58	748007.0	33.5	2.0	1.0
59	369464.0	4.0	0.0	0.0
60	689363.5	19.0	26.0	3.0
61	437129.0	8.0	693.0	2.0
62	466957.5	9.0	0.0	0.0
63	376392.0	13.0	99884.0	5.0
64	417285.5	13.0	9726.0	11.0
65	639673.5	42.0	0.0	0.0
66	371862.0	6.0	58.0	1.0
67	372452.0	9.0	1389.0	3.0
68	386169.5	19.0	99483.5	4.0
69	392237.0	12.0	0.0	0.0
70	51307.0	20.0	0.0	0.0
71	768275.0	38.0	2.0	1.0
72	5134.0	2.0	0.0	0.0
73	386127.0	17.0	17256.0	2.0
74	448331.0	10.5	156944.0	6.0
75	448316.5	7.0	0.0	0.0
76	748619.0	47.0	26.0	2.0
77	369981.0	7.0	0.0	0.0
78	374940.5	13.0	0.0	1.0
79	770794.0	37.0	2.0	1.0
80	640270.0	17.0	1961.0	5.0
81	424684.0	6.0	0.0	0.0
82	34937.0	4.5	0.0	0.0
83	376124.0	13.0	4608.0	1.0
84	534744.0	6.0	0.0	0.0
85	371248.0	7.0	0.0	1.0
86	424684.0	5.0	0.0	0.0
87	600512.0	26.0	505.0	5.0
88	556637.0	12.0	0.0	3.0
89	455221.0	12.0	0.0	1.0
90	442020.0	9.0	0.0	0.0
91	567463.0	15.0	0.0	3.0
92	535067.0	20.0	0.0	0.0
93	386902.0	6.5	156944.0	6.0
94	401663.5	13.5	1406.0	1.0
95	371176.0	11.0	58.0	2.0
96	894584.0	20.0	207.0	3.0
97	371732.5	7.0	1150.0	1.0
98	540632.0	18.0	80.0	2.0
99	488131.0	28.0	0.0	2.0
100	923183.0	14.0	0.0	0.0
101	379824.0	7.0	0.0	1.0
102	0.0	0.0	0.0	0.0
103	0.0	0.0	0.0	0.0
104	593177.0	26.0	505.0	11.0
105	403144.5	6.0	0.0	1.0
106	609634.5	13.0	0.0	0.0
107	452990.0	15.0	6224.0	6.0
108	777294.0	41.0	2.0	1.0
109	450230.5	9.0	0.0	0.0
110	428673.0	25.0	0.0	2.0
111	754202.0	41.0	2.0	1.0
112	639860.0	25.0	507.0	5.0
113	748139.5	14.0	0.0	0.0
114	487126.5	22.0	655738.5	19.0
115	370076.0	6.0	1.0	3.0
116	369491.5	4.5	0.0	0.0
117	390491.0	7.0	0.0	0.0
118	452368.0	20.0	388.0	5.0
119	517238.0	7.0	0.0	0.0
120	484617.5	17.0	457864.0	16.5
121	516514.0	13.0	1.0	2.0
122	509983.0	11.0	0.0	0.0
123	415865.0	6.0	0.0	0.0
124	758043.0	21.0	0.0	1.0
125	446262.0	19.0	549493.0	14.0
126	403876.0	9.0	156944.0	6.0
127	448615.5	8.0	22.0	1.0
128	388536.0	6.0	0.0	0.0
129	482031.0	12.0	106.0	1.0
130	396014.0	17.0	7284.0	2.0
131	369464.0	4.0	0.0	0.0
132	431689.0	27.0	100944.0	7.0
133	369464.0	4.0	0.0	0.0
134	449656.0	9.0	156944.0	6.0
135	446173.5	18.0	555808.5	17.0
136	471104.0	14.5	0.0	1.0
137	385956.5	12.0	156944.0	6.0
138	28443.0	2.5	135620.0	5.0
139	586695.5	26.0	2675.0	11.5
140	424684.0	5.0	0.0	0.0
141	424684.0	5.0	0.0	0.0
142	665846.5	34.0	40987.0	7.0
143	369464.0	4.0	0.0	0.0
144	371573.0	5.0	5403.0	1.0
145	374790.5	9.0	313.5	3.5
146	392179.0	13.0	0.0	0.5
147	678126.5	13.0	0.0	1.0
148	424684.0	18.0	508753.0	3.0
149	369464.0	4.0	0.0	0.0
150	1644578.0	27.0	149.0	2.0
151	452672.0	8.0	0.0	1.0
152	592925.0	25.0	506.0	3.0
153	370076.0	6.0	1.0	1.0
154	579378.5	24.0	1135.0	6.0
155	380238.0	10.5	2068.0	2.5
156	488193.0	12.0	0.0	3.0
157	545563.5	24.0	6745.0	2.0
158	0.0	0.0	0.0	0.0
159	377619.0	6.5	149184.0	5.0
160	751869.0	13.0	0.0	0.0
161	394338.5	6.0	58.0	1.0
162	989810.5	31.0	0.0	2.0
163	604570.0	10.0	0.0	0.0
164	369464.0	4.0	0.0	0.0
165	369464.0	4.0	0.0	0.0
166	475846.0	16.0	58.0	1.0
168	625534.0	17.0	0.0	0.0
169	182.5	1.0	0.0	0.0
170	374531.0	5.0	6201.0	1.0
171	822199.0	14.0	0.0	1.0
172	483656.0	16.0	405758.0	12.0
173	369464.0	4.0	0.0	0.0
174	506265.5	11.0	0.0	1.0
175	376945.0	7.0	0.0	0.0
176	377852.5	11.0	39.0	3.0
177	758044.0	21.0	0.0	1.0
178	718359.0	15.0	155.0	13.0
179	403976.0	9.0	156944.0	6.0
180	384183.0	7.0	156944.0	6.0
181	421448.0	6.0	0.0	1.0
182	607977.0	11.0	1529.0	1.0
183	0.0	0.0	0.0	0.0
184	479543.0	23.0	0.0	0.0
185	369464.0	4.0	15019.0	3.0
186	389995.0	8.0	0.0	1.0
187	384456.0	17.0	50200.0	5.0
188	758033.0	18.0	0.0	1.0
189	446624.0	5.0	58.0	1.0
190	776916.0	10.0	0.0	0.0
191	397126.5	12.0	28881.0	6.5
192	480082.0	7.0	894.0	1.0
193	392230.5	12.0	0.0	0.0
194	372028.0	5.5	58.0	5.0
195	2391241.0	23.0	82642.0	12.0
196	476152.0	12.0	0.0	1.0
197	440759.0	8.0	0.0	1.0
198	447060.0	11.0	0.0	0.0
199	445182.0	17.0	449525.0	12.0
200	2352782.5	12.0	0.0	1.0
201	444828.0	8.0	0.0	1.0
202	468548.0	11.0	2.0	1.0
203	470290.5	8.0	0.0	0.0
204	473819.0	7.0	0.0	0.0
205	438851.5	11.0	12465.0	8.0
206	491621.0	11.0	0.0	0.0
207	436592.0	14.0	24.0	3.0
208	480542.5	10.0	0.0	0.0
209	369464.0	4.0	0.0	0.0
210	419859.0	12.0	0.0	0.0
211	370375.0	5.0	15017.0	3.0
212	920072.0	25.0	0.0	0.0
213	547655.0	12.0	0.0	0.0
214	369536.0	5.0	4349.0	1.0
215	593972.0	16.0	0.0	1.0
216	654296.0	11.0	0.0	0.0
217	597316.0	26.0	511.0	10.0
218	805800.0	29.0	0.0	0.0
219	390866.0	8.0	156944.0	6.0
220	369464.0	4.0	200366.0	4.0
221	407220.0	12.0	0.0	0.0
222	766368.5	35.0	2.0	1.5
223	390377.0	7.0	0.0	0.0
224	370732.0	5.0	0.0	0.0
226	389849.0	7.0	156944.0	6.0
227	377419.0	9.0	0.0	0.0
228	380565.0	9.0	0.0	2.0
229	424684.0	5.0	0.0	0.0
230	369468.0	6.0	105228.0	4.0
231	478636.0	24.0	0.0	0.0
232	424684.0	5.0	0.0	0.0
233	753352.0	41.0	2.0	1.0
234	0.0	0.0	0.0	0.0
235	441952.0	13.0	12002.0	10.0
236	963397.0	15.0	0.0	0.0
237	399169.0	11.0	0.0	0.0
238	58304.0	3.0	0.0	0.0
239	0.0	0.0	1.0	1.0
240	607736.0	9.0	0.0	0.0
241	577863.0	23.0	16019.0	4.0
242	442878.0	13.0	15330.0	10.0
243	369464.0	4.0	0.0	0.0
244	369956.5	6.0	0.0	1.5
245	2314605.0	13.0	0.0	1.0
246	375097.5	7.5	0.0	0.0
247	618191.0	15.0	5736.0	1.0
248	370017.0	5.0	0.0	0.0
249	474348.0	7.0	26.0	2.0
250	389821.0	7.0	156944.0	6.0
251	593218.0	27.0	575.0	3.0
252	372462.0	13.0	109668.0	4.0
253	0.0	0.0	1.0	1.0
254	532892.0	12.0	0.0	0.0
255	431766.0	10.0	50.0	4.0
256	486807.5	7.0	14011.0	1.0
257	716111.0	12.0	0.0	0.0
258	369913.0	6.0	64464.0	1.0
259	594124.0	25.0	1132.0	6.0
260	0.0	0.0	0.0	0.0
261	369503.0	5.0	0.0	1.0
262	369464.0	4.0	58.0	1.0
263	421288.0	20.0	0.0	0.0
264	380468.0	11.0	156944.0	6.0
265	441360.0	5.0	0.0	0.0
266	442094.0	13.0	17059.0	9.0
267	445230.5	17.5	32889.0	6.5
268	401821.0	7.0	0.0	0.0
269	595706.0	16.0	0.0	1.0
270	661177.0	10.0	31021.0	3.0
271	435753.0	28.0	40987.0	7.0
272	388409.0	12.0	156944.0	6.0
274	393589.0	14.0	0.0	0.0
275	1093332.0	14.0	58.0	1.0
276	0.0	0.0	1.0	1.0
277	437825.0	13.0	0.0	0.0
278	385926.0	8.5	156944.0	6.0
279	371640.5	16.0	2.0	2.0
280	1037712.0	12.0	49755.0	1.0
281	449524.0	6.0	0.0	0.0
282	436088.0	5.0	0.0	0.0
283	572439.0	21.0	0.0	0.0
284	0.0	0.0	1.0	1.0
285	0.0	0.0	1.0	1.0
287	479232.0	23.5	0.0	0.0
288	377314.0	24.0	0.0	0.0
289	408966.0	14.0	0.0	0.0
290	369464.0	4.0	0.0	0.0
291	434916.0	5.0	0.0	0.0
292	413954.0	6.0	0.0	0.0
293	382025.0	11.0	156944.0	6.0
294	412302.0	9.0	0.0	3.0
295	470814.0	8.0	0.0	0.0
296	379084.0	12.0	2.0	1.0
297	369464.0	4.0	0.0	0.0
298	387372.0	11.0	156944.0	6.0
299	424684.0	5.0	0.0	0.0
300	401031.0	12.0	0.0	0.0
301	369464.0	5.0	0.0	1.0
302	593063.0	25.0	505.0	5.0
303	444953.0	13.0	1414.0	3.0
304	371637.0	5.0	0.0	0.0
305	528903.0	14.0	0.0	1.0
306	398192.0	34.0	5298.0	6.0
307	369713.0	8.0	58.0	2.0
308	496849.0	26.0	0.0	0.0
309	592977.0	25.0	502.0	3.0
310	393941.0	8.0	1.0	1.0
311	605443.0	8.0	0.0	0.0
312	371094.0	8.0	1.0	5.0
313	541842.5	11.5	0.0	0.0
314	427565.0	9.5	0.0	0.0
315	58237.0	3.0	0.0	1.0
316	57090.0	2.0	0.0	0.0
317	443637.0	16.0	20863.0	7.0
318	767063.0	14.0	0.0	0.0
319	532892.0	12.0	0.0	0.0
320	446350.5	18.0	502235.0	15.5
321	449471.0	9.0	0.0	0.0
322	445740.0	9.0	0.0	0.0
323	399735.5	8.0	0.0	0.0
324	604762.0	8.0	0.0	0.0
325	626795.0	10.0	0.0	0.0
326	659844.0	14.0	0.0	0.0
328	457636.0	22.0	0.0	0.0
329	424684.0	5.0	0.0	0.0
330	377404.0	10.0	0.0	0.0
331	369576.0	5.0	0.0	0.0
332	0.0	0.0	1662.0	1.0
333	761394.0	38.0	2.0	1.0
334	554883.0	12.0	0.0	0.0
335	406606.0	12.0	0.0	0.0
336	444147.0	9.0	0.0	0.0
337	609019.0	10.0	0.0	0.0
338	503328.0	6.0	56780.0	1.0
339	825589.0	15.0	4.0	4.0
340	442840.0	15.0	0.0	0.0
341	613711.0	17.0	0.0	0.0
342	246482.0	12.0	33.0	1.0
343	0.0	0.0	1.0	1.0
344	419794.0	17.0	0.0	3.0
345	441913.0	12.0	17834.0	6.0
346	388622.0	13.0	156944.0	6.0
347	382438.0	11.0	156944.0	6.0
348	685556.0	13.0	0.0	0.0
349	369464.0	4.0	0.0	0.0
350	57276.0	4.0	33.0	1.0
351	381271.0	11.0	156944.0	6.0
352	429031.0	10.0	0.0	0.0
353	646350.0	18.0	0.0	0.0
354	441324.0	15.0	22520.0	7.0
355	424739.0	6.0	0.0	0.0
356	485101.5	26.5	25020.5	3.5
357	369464.0	4.0	0.0	0.0
358	434320.0	13.0	0.0	2.0
359	386587.0	11.0	156944.0	6.0
360	389113.0	13.0	156944.0	6.0
361	442728.0	14.0	2.0	5.0
362	384025.0	10.0	156944.0	6.0
363	424684.0	5.0	0.0	0.0
364	533711.0	10.0	28.0	4.0
365	601638.0	25.0	1135.0	7.0
366	369464.0	4.0	0.0	0.0
367	391591.0	10.0	0.0	0.0
368	371175.0	9.0	0.0	0.0
369	0.0	0.0	1.0	1.0
370	374328.0	6.0	0.0	0.0
371	472880.0	21.0	15516.0	1.0
372	380989.0	5.0	156944.0	6.0
373	580105.0	24.0	1129.0	5.0
374	265.0	1.0	0.0	0.0
375	478680.0	23.0	0.0	0.0
376	369464.0	6.0	1.0	1.0
377	556411.5	19.0	200803.0	12.0
378	370269.0	7.0	0.0	0.0
379	66934.0	2.0	0.0	0.0
380	415737.0	16.0	61812.0	1.0
381	719906.0	17.0	0.0	0.0
382	442723.0	11.0	0.0	0.0
383	424684.0	5.0	0.0	0.0
384	436088.0	5.0	0.0	0.0
385	424684.0	5.0	0.0	0.0
386	453224.0	5.0	0.0	1.0
387	0.0	0.0	1.0	1.0
388	369464.0	4.0	0.0	0.0
389	424684.0	5.0	0.0	0.0
390	592710.0	25.0	507.0	5.0
391	434910.0	27.0	40990.0	8.0
392	680684.5	16.5	67.5	2.0
393	403194.0	8.0	0.0	0.0
394	636155.5	9.0	0.0	0.0
395	503223.0	25.0	0.0	0.0
396	392848.5	5.0	0.0	0.0
397	593068.0	25.0	1135.0	6.0
398	370799.0	6.0	199856.0	9.5
399	438854.5	11.0	17765.0	7.5
400	476903.0	25.0	0.0	0.0
401	417556.0	9.0	0.0	1.0
402	699326.0	14.0	0.0	0.0
403	679584.0	14.0	17678.0	5.5
404	619286.0	11.0	0.0	0.0
405	424684.0	6.0	0.0	0.0
406	379321.0	8.0	156944.0	6.0
407	174212.0	9.0	0.0	0.0
408	440011.0	12.0	19985.0	9.0
409	754110.0	10.0	0.0	0.0
410	435853.0	29.0	40987.0	7.0
411	577998.0	24.0	507.0	3.0
412	475071.0	14.0	0.0	1.0
413	442870.0	13.0	22885.5	8.0
414	370198.0	6.0	0.0	0.0
415	370136.0	10.0	0.0	0.0
416	424684.0	5.0	0.0	0.0
417	401304.0	5.0	0.0	0.0
418	427548.5	12.0	0.0	1.0
419	424684.0	5.0	0.0	0.0
420	440009.5	12.0	17225.5	10.0
421	477518.0	14.0	0.0	0.0
422	546964.0	23.0	0.0	1.0
423	883633.0	28.5	0.0	0.5
424	478489.0	20.0	0.0	0.0
425	369464.0	4.0	0.0	0.0
426	412323.0	9.0	0.0	0.0
427	595130.0	25.0	51296.0	7.0
428	424684.0	6.0	0.0	0.0
429	1289426.0	29.0	1.0	1.0
430	443600.0	16.0	24580.0	11.0
431	424684.0	5.0	0.0	0.0
432	484629.0	17.0	844.0	3.0
433	440341.0	11.0	15152.0	6.0
