	others_app_size	others_app_number	others_text_size	others_text_number
0	373716.0	8.0	0.0	3.0
1	676463.5	30.5	24800.5	16.0
2	719801.5	25.0	0.0	13.0
3	633079.0	18.0	0.0	0.0
4	378616.0	11.0	189.0	4.0
5	529443.0	21.0	0.0	0.0
6	472937.0	22.0	947.0	9.0
7	480333.0	15.0	0.0	0.0
8	1563.5	2.0	0.0	0.0
9	439146.0	11.0	100000.0	3.0
10	383984.0	17.0	17845.0	15.0
11	521570.0	9.0	0.0	0.0
12	427642.0	20.0	100946.0	10.0
13	369491.5	5.5	118290.0	9.5
14	370690.5	10.0	0.0	0.0
15	381764.0	12.0	356745.0	11.0
16	382906.0	26.0	0.0	0.0
17	78364.0	9.0	545.0	3.0
18	409191.5	27.5	84268.5	22.0
19	516662.0	31.0	195890.5	10.0
20	382427.0	13.0	12305.0	5.0
21	466086.5	45.0	798.5	22.0
22	684538.0	26.0	201214.0	14.0
23	414061.0	22.0	5590.0	2.0
24	488366.0	9.0	0.0	7.0
25	652877.0	19.0	0.0	1.0
26	370641.0	9.0	461.0	5.0
27	383675.0	21.0	617430.0	22.0
28	655146.0	16.0	696.0	7.0
29	0.0	0.0	0.0	0.0
30	465936.0	11.0	0.0	2.0
31	620333.0	12.5	0.0	3.0
32	675154.0	24.0	0.0	2.0
33	471057.0	13.0	6972.0	2.0
34	488464.0	18.0	0.0	0.0
35	940482.0	14.0	23980.5	9.0
36	0.0	0.0	0.0	0.0
37	414943.0	8.0	0.0	1.0
38	581543.0	29.0	40987.0	5.0
39	2853.0	2.0	0.0	0.0
40	66719.0	4.0	0.0	5.0
41	683325.5	29.0	0.0	1.0
42	1019344.0	33.0	0.0	2.0
43	642394.0	16.0	1.0	4.0
44	55.0	1.0	0.0	0.0
45	441146.0	13.0	0.0	3.0
46	446545.5	18.0	406433.0	28.0
47	393481.5	8.5	3.0	1.5
48	55.0	1.0	0.0	0.0
49	390837.5	23.0	6815.0	31.5
50	726882.0	25.0	1188.0	6.0
51	389080.0	15.0	0.0	1.0
52	525331.0	10.0	0.0	0.0
53	545397.0	19.0	0.0	0.0
54	472357.0	19.0	0.0	2.0
55	525169.0	16.0	0.0	0.0
56	0.0	0.0	0.0	0.0
57	505776.0	34.0	0.0	0.0
58	774466.5	37.0	21.5	5.0
59	390908.5	13.0	6.0	4.0
60	689710.5	19.5	26.0	3.0
61	437181.0	9.0	652.0	2.0
62	468802.5	25.5	0.0	5.5
63	374625.0	13.5	99878.0	5.0
64	419274.0	15.0	14197.0	21.5
65	627491.5	43.0	0.0	1.0
66	371917.0	7.0	58.0	1.0
67	371017.0	18.0	1664.0	5.0
68	388252.0	20.0	121.0	3.0
69	393162.5	14.0	0.0	1.0
70	50465.5	20.0	0.0	0.0
71	776411.0	40.0	2.0	3.0
72	4879.0	2.0	0.0	0.0
73	386645.5	21.0	17196.0	8.5
74	460754.0	18.0	356722.0	15.0
75	449043.0	10.0	120.0	10.5
76	780417.0	66.0	49790.0	22.0
77	370036.0	8.0	0.0	1.0
78	380318.0	22.0	0.0	5.0
79	770541.5	40.5	2.0	3.5
80	643113.0	24.0	108660.0	28.0
81	396271.0	19.0	7311.0	2.0
82	25909.0	4.0	0.0	0.0
83	376692.0	14.0	4608.0	1.0
84	534799.0	7.0	0.0	0.0
85	393007.0	9.0	0.0	5.0
86	488562.0	18.0	0.0	4.0
87	600602.0	27.0	505.0	5.0
88	558092.0	15.0	1.0	6.0
89	456076.5	12.5	0.0	1.0
90	442074.0	10.0	0.0	0.0
91	581003.5	34.5	0.0	14.5
92	535135.0	21.0	0.0	1.0
93	391314.0	15.0	356719.0	11.0
94	376409.0	20.0	7797.0	2.0
95	371217.5	12.5	58.0	3.0
96	905820.0	23.0	7165.0	26.0
97	373701.0	9.0	1150.0	1.0
98	537987.0	18.0	80.0	2.0
99	483254.0	29.0	0.0	6.0
100	923183.0	14.0	0.0	0.0
101	369631.0	6.0	4211.5	2.0
102	0.0	0.0	0.0	0.0
103	0.0	0.0	0.0	0.0
104	593223.5	26.5	507.0	11.0
105	403175.5	7.0	0.0	1.0
106	609638.0	13.0	0.0	0.0
107	454774.5	23.5	6272.0	15.0
108	773341.0	43.0	2.0	3.0
109	450241.0	9.0	0.0	2.0
110	429322.0	26.0	0.0	3.0
111	756285.0	47.0	2.0	2.0
112	645328.0	29.0	100447.0	7.0
113	748956.5	15.0	0.0	1.0
114	488270.0	29.0	706739.0	32.0
115	370131.0	7.0	1.0	3.0
116	373028.0	6.0	0.0	0.0
117	390335.0	8.0	0.0	0.0
118	452412.5	19.5	465.0	5.0
119	518922.0	12.0	0.0	0.0
120	449907.0	21.0	555371.0	27.0
121	777929.0	17.0	1.0	2.0
122	515062.5	11.0	0.0	0.0
123	415865.0	6.0	0.0	0.0
124	758095.0	21.0	0.0	1.0
125	456254.5	37.0	556215.0	31.5
126	416920.0	17.0	356739.0	11.0
127	451395.0	12.0	23.0	4.0
128	20806.5	4.5	0.0	0.0
129	486794.5	13.0	48655.0	9.0
130	394648.5	19.0	7365.5	6.5
131	369519.0	5.0	49936.0	1.0
132	431633.0	28.0	100944.0	9.0
133	369464.0	4.0	0.0	0.0
134	462206.0	17.0	406669.0	13.0
135	459400.0	27.5	581111.5	31.0
136	507070.5	15.0	0.0	2.0
137	387797.0	15.0	306764.0	13.0
138	3397.0	3.0	135620.0	5.0
139	593258.0	26.5	2364.0	11.5
140	446990.5	21.0	0.0	17.0
141	653115.0	14.0	0.0	0.0
142	667668.0	35.0	40990.0	8.0
143	369519.0	5.0	0.0	1.0
144	371672.5	7.0	5403.0	1.0
145	384962.0	16.0	182.0	13.0
146	393470.0	14.0	0.0	2.5
147	676672.0	14.0	0.0	4.0
148	399243.0	23.0	530187.0	3.0
149	369519.0	5.0	5953.0	2.0
151	453540.0	10.5	0.0	1.0
152	594952.0	25.0	1141.0	7.0
153	2739.0	2.0	1.0	1.0
154	580598.0	26.0	505.0	6.0
155	380964.0	13.0	2069.0	4.0
156	488220.5	13.0	0.0	5.5
157	552893.0	27.0	6676.0	3.0
158	55.0	1.0	0.0	0.0
159	391353.0	16.0	398916.0	12.5
160	757929.5	18.0	16983.0	3.0
161	28113.0	5.0	58.0	1.0
162	440119.0	27.0	0.0	2.0
163	607931.0	14.0	16987.0	4.0
164	369519.0	5.0	0.0	0.0
165	1527.0	2.0	0.0	0.0
166	478509.5	18.5	58.0	1.0
168	625561.5	17.5	0.0	0.0
169	210.0	1.0	0.0	0.0
170	217437.0	4.0	6201.0	1.0
171	828799.0	16.0	0.0	4.0
172	479946.0	22.0	355642.0	21.0
173	369464.0	4.0	0.0	0.0
174	479258.5	11.0	0.0	2.0
175	376974.0	7.0	0.0	0.0
176	399524.0	14.0	65.0	8.0
177	758075.0	21.5	0.0	1.0
178	722562.5	17.0	155.0	11.0
180	369519.0	5.0	156944.0	6.0
181	421503.0	7.0	0.0	1.0
182	608143.0	12.0	973.0	1.0
183	0.0	0.0	0.0	0.0
184	482361.0	25.0	0.0	2.0
185	369464.0	4.0	15018.5	3.0
186	389793.0	8.0	0.0	7.0
187	1687127.0	30.0	100256.0	11.0
188	379071.5	10.0	0.0	0.5
189	446679.0	6.0	58.0	1.0
190	776971.0	11.0	0.0	0.0
191	396231.0	15.0	24516.0	10.0
192	482001.0	9.0	894.0	4.0
193	392476.0	14.0	0.0	1.0
194	372055.5	7.0	75829.0	13.5
195	2395455.0	24.0	41713.0	8.0
196	475435.0	13.0	25010.0	1.0
197	440882.5	9.0	0.0	0.0
198	448293.0	15.0	22.0	5.0
199	452208.0	27.5	455547.0	27.5
200	427861.0	11.0	0.0	0.0
201	290645.0	8.5	0.0	1.0
202	99395.0	8.0	0.0	0.0
203	1120768.5	14.5	2.0	4.5
204	473820.0	7.0	0.0	0.0
205	438905.0	12.0	11212.0	9.0
206	498226.5	14.5	100945.0	8.0
207	441393.5	26.0	51.5	7.5
208	481194.0	12.0	0.0	1.0
209	369491.5	4.5	0.0	0.0
210	419910.0	13.0	0.0	0.0
211	370375.0	5.0	15019.0	3.0
212	920072.0	25.0	0.0	0.0
213	556219.0	22.0	512.0	6.0
214	369591.0	6.0	4349.0	1.0
215	2634.0	1.0	0.0	0.0
216	655315.0	14.0	0.0	1.0
217	598428.5	27.0	817.5	10.5
218	806512.0	33.0	0.0	2.0
219	395916.0	19.0	456678.0	15.0
220	55.0	1.0	200366.0	4.0
221	407319.0	13.0	0.0	0.0
222	774472.5	39.0	15.0	4.0
223	390224.0	8.0	0.0	0.0
224	370732.0	5.0	0.0	0.0
226	390962.0	15.0	406718.0	12.0
227	374328.0	6.5	0.0	0.0
228	383921.0	13.0	0.0	4.0
229	370485.0	8.0	0.0	5.0
230	369523.0	7.0	105228.0	4.0
231	487174.5	31.0	0.0	10.5
232	544462.0	7.0	0.0	2.5
233	771048.0	42.0	2.0	3.0
234	0.0	0.0	0.0	0.0
235	442660.0	16.0	12247.0	12.0
236	963452.0	16.0	0.0	0.0
237	399916.0	13.0	0.0	1.0
238	55.0	1.0	0.0	0.0
239	0.0	0.0	1.0	1.0
240	612658.5	13.0	16980.0	2.5
241	593069.5	26.0	16021.5	6.0
242	440087.0	13.5	15527.0	11.0
243	369519.0	5.0	0.0	0.0
244	375271.0	10.0	0.0	5.0
245	454722.0	12.0	50022.5	1.0
246	377445.5	13.0	0.0	3.0
247	634381.0	36.5	5737.0	4.5
248	377596.0	26.0	1228.0	27.0
249	106411.0	4.5	26.0	2.0
250	390901.0	15.0	406674.0	13.0
251	593219.0	28.0	1209.0	5.0
252	61331.0	13.0	109668.0	4.0
253	0.0	0.0	1.0	1.0
254	192629.5	11.0	0.0	0.0
255	431840.0	11.0	50.0	5.0
256	488288.5	9.0	14011.0	4.5
257	716135.5	13.0	0.0	0.0
258	369968.0	9.0	64464.0	1.0
259	593067.0	26.0	1136.5	6.5
260	55.0	1.0	0.0	0.0
261	369530.5	6.0	0.0	0.0
262	369531.0	5.0	58.0	1.0
263	421393.0	21.0	0.0	3.0
264	385625.5	15.5	356757.5	13.0
265	72206.0	2.0	0.0	0.0
266	443924.0	14.0	17758.5	12.0
267	457816.5	43.5	35674.0	27.5
268	644089.0	10.5	24908.0	1.0
269	595755.0	17.0	0.0	1.0
271	434106.0	29.0	40990.0	8.0
272	390920.0	16.0	356738.0	12.0
274	410638.0	36.0	0.0	8.0
275	425664.0	11.0	58.0	1.0
276	0.0	0.0	1.0	1.0
277	439704.0	14.0	0.0	1.0
278	390591.5	15.0	356773.0	12.5
279	385673.0	16.5	2.0	3.5
280	1037740.0	14.0	0.0	1.0
281	82694.0	3.0	0.0	0.0
282	436143.0	6.0	0.0	1.0
283	573814.0	23.0	0.0	0.0
284	0.0	0.0	1.0	1.0
285	0.0	0.0	1.0	1.0
287	478803.0	24.0	0.0	5.0
288	393969.0	61.0	0.0	28.0
289	422039.0	15.0	1.0	1.0
290	369519.0	5.0	0.0	0.0
291	434916.0	5.0	0.0	0.0
292	413954.0	6.0	0.0	0.0
293	391039.0	15.0	406500.0	12.0
294	414969.0	9.5	0.0	3.0
295	741219.0	10.0	6.5	1.5
296	387489.0	17.5	2.0	2.0
297	369519.0	5.0	0.0	3.5
298	390902.5	15.5	356777.5	12.5
299	474702.0	20.0	112471.0	6.0
300	400679.0	14.0	0.0	2.0
301	3072.0	4.0	0.0	1.0
302	593118.5	26.0	1134.5	4.5
303	447700.5	20.0	1414.0	3.0
304	371691.0	6.0	0.0	1.0
305	1189053.5	20.0	0.0	2.0
306	1051429.5	40.5	5299.0	12.5
307	369721.0	10.0	58.0	2.0
308	499028.0	28.0	0.0	5.0
309	593083.0	26.0	509.0	4.0
310	397161.0	11.0	1.0	4.0
311	612728.0	14.0	0.0	3.0
312	369601.0	6.0	1.0	5.0
313	620639.5	14.0	0.0	1.5
314	1527942.0	21.0	0.0	2.0
315	3016.0	2.0	0.0	1.0
316	56835.0	2.0	0.0	0.0
317	1745148.0	25.0	18583.0	12.0
318	610519.0	19.0	16977.0	5.0
319	166324.5	10.5	0.0	0.0
320	452708.5	23.0	505523.0	30.5
321	80066.5	5.0	0.0	0.0
322	445870.0	10.0	0.0	0.0
323	374841.0	12.0	0.0	1.0
324	609342.0	14.5	0.0	2.0
325	260380.0	8.0	0.0	0.0
326	659844.0	14.0	0.0	0.0
328	455360.5	24.0	0.0	5.0
330	377447.0	12.0	0.0	3.0
331	369603.5	5.5	0.0	0.0
332	55.0	1.0	0.0	0.0
333	773107.0	45.0	2.0	2.5
334	555018.5	13.0	0.0	0.0
335	407456.0	14.0	0.0	2.0
336	460791.0	9.0	0.0	0.0
337	614171.0	15.0	256.0	4.0
338	510919.0	8.0	56780.0	1.0
339	825590.0	15.0	4.0	4.0
340	442824.0	16.0	0.0	1.0
341	615055.5	18.5	0.0	2.0
342	246685.0	13.0	33.0	1.0
343	0.0	0.0	1.0	1.0
344	477932.0	17.5	0.0	4.5
345	442387.5	14.5	18674.5	14.0
346	390860.0	16.0	406691.0	12.0
347	383408.0	13.5	406671.0	13.5
348	316457.0	11.0	0.0	0.0
349	369464.0	4.0	0.0	0.0
350	57014.0	3.0	33.0	1.0
351	384693.0	14.0	356718.0	11.0
352	429021.5	10.0	0.0	0.0
353	648552.5	19.0	0.0	0.0
354	441382.0	16.0	22268.0	12.0
355	438811.5	8.0	0.0	0.0
356	492707.5	44.5	50112.0	21.0
357	369519.0	5.0	0.0	3.0
358	436763.5	14.0	0.0	3.0
360	390990.0	16.0	406669.0	12.0
361	452525.0	16.0	4.0	6.0
362	387407.0	16.0	456630.0	13.0
364	537678.0	14.0	28.0	6.0
365	592670.0	25.0	1135.5	6.0
366	369519.0	5.0	0.0	0.0
367	392580.5	12.0	0.0	5.0
368	392037.0	11.0	0.0	0.0
369	0.0	0.0	1.0	1.0
370	376641.0	10.0	0.0	2.0
371	476141.0	25.0	15516.0	3.0
372	383851.0	14.0	456684.0	14.0
373	578051.0	25.0	1136.0	5.0
374	55.0	1.0	0.0	0.0
375	479264.0	24.0	0.0	2.0
376	371635.5	7.5	24954.0	3.5
377	558803.0	21.0	200921.0	12.0
378	371760.5	10.0	0.0	0.5
379	66679.0	2.0	0.0	0.0
380	416423.0	18.0	61813.0	5.0
381	723437.0	18.0	0.0	2.0
382	442780.0	13.0	0.0	4.0
383	384381.0	14.0	456654.0	13.0
384	69258.0	3.0	0.0	0.0
385	369531.0	6.0	55432.0	2.0
386	453279.0	6.0	0.0	1.0
387	0.0	0.0	1.0	1.0
388	369519.0	5.0	0.0	0.0
389	392371.0	15.0	406724.0	12.0
390	592729.0	26.0	818.5	5.0
391	433936.5	28.5	40987.0	7.5
392	681046.0	19.0	113.0	4.0
393	402959.0	8.0	0.0	1.0
394	640115.5	14.0	256.0	3.0
395	503827.0	27.0	0.0	2.0
396	392941.0	6.0	0.0	0.0
397	593089.5	26.0	1135.0	6.0
398	370839.0	6.5	199858.5	12.5
399	438909.0	12.0	17968.0	11.0
400	480410.0	26.0	0.0	3.0
401	451724.0	22.5	25194.5	21.5
402	699381.0	15.0	0.0	0.0
403	440090.0	13.0	16813.0	10.0
404	619338.0	12.0	0.0	0.0
405	390296.0	15.0	406711.5	12.0
406	384670.0	13.0	406670.0	12.0
407	117379.0	7.0	0.0	0.0
408	442499.0	15.5	18926.0	11.0
409	384956.0	7.0	0.0	0.0
410	434676.0	28.0	40987.0	7.0
411	601556.5	26.0	1132.5	4.5
412	507501.0	18.5	28.0	7.5
413	440988.0	13.0	26654.0	11.0
414	58561.0	5.0	14.0	1.0
415	370191.0	11.0	0.0	0.0
416	384264.0	14.0	398887.0	11.0
417	401359.0	6.0	0.0	0.0
418	441173.0	21.0	240.0	20.0
419	392238.0	15.0	456659.0	13.0
420	1093947.5	18.5	17887.5	9.5
421	481954.0	18.0	0.0	4.0
422	602489.0	28.5	1.0	7.0
423	478860.0	27.0	0.0	3.0
424	478775.5	24.0	0.0	2.0
425	1527.0	2.0	0.0	0.0
426	414761.0	9.0	0.0	3.0
427	594994.0	26.0	52544.0	6.0
428	370322.0	10.0	0.0	0.0
429	1303261.0	32.0	1.0	3.0
430	444212.5	16.5	28682.5	10.0
431	476395.0	8.0	0.0	4.0
432	484690.0	19.0	843.0	5.0
433	440438.0	14.0	15057.0	11.5
