	image_size	javascript_size	css_size	html_size	xml_size	audio_size	video_size	image_number	javascript_number	css_number	html_number	xml_number	audio_number	video_number	load_time	load_time_std	server_number	service_number	total_number	total_size
0	196305.5	333592.0	88035.0	29176.5	3768.0	0.0	0.0	35.5	17.0	4.0	6.0	2.0	0.0	0.0	8.4310000000000009	1.3030067572253801	19.0	10.5	64.5	650877.0
1	1028554.0	1254632.5	159407.0	96047.0	0.0	0.0	0.0	73.5	58.5	2.0	22.5	0.0	0.0	0.0	11.850000000000001	1.467079235888437	54.5	30.0	156.5	2538640.5
2	867492.5	764593.5	90172.0	48882.5	74402.0	0.0	0.0	100.5	34.5	5.0	7.5	5.0	0.0	0.0	11.385999999999999	2.5006531365575269	22.5	8.0	152.5	1845542.5
3	909603.0	623208.0	84028.0	150158.0	0.0	0.0	0.0	66.5	25.0	3.0	7.0	0.0	0.0	0.0	9.3155000000000001	1.3159225316769221	19.5	9.0	101.5	1766997.0
4	1772234.5	755668.0	431945.0	66137.5	4842.0	0.0	0.0	45.5	60.0	7.0	7.0	1.0	0.0	0.0	10.66	2.6262538910014008	24.0	17.0	120.5	3030827.0
5	5406255.0	864189.0	375652.0	75701.0	1202.0	0.0	0.0	68.5	33.5	3.0	7.0	1.0	0.0	0.0	5.3315000000000001	1.733513227343535	36.0	20.0	113.0	6722999.0
6	99683.5	802868.5	34484.0	95089.5	378.0	0.0	0.0	13.0	92.0	5.0	11.0	1.0	0.0	0.0	13.587	3.7776859463665047	38.0	22.0	122.0	1032503.5
7	262907.0	860992.0	43168.0	103157.0	1167.0	0.0	0.0	33.0	36.0	1.0	3.5	1.0	0.0	0.0	8.1765000000000008	1.3903655937828001	13.5	4.5	74.5	1271391.0
8	106131.5	296536.0	0.0	166536.0	0.0	0.0	0.0	12.0	3.0	0.0	2.0	0.0	0.0	0.0	3.613	0.44782781289241075	8.0	3.0	17.0	569203.5
9	14054.5	477452.0	6674.0	36306.0	0.0	0.0	0.0	24.0	38.0	1.0	12.0	0.0	0.0	0.0	13.237499999999999	3.5250741126960725	41.0	23.5	75.0	534486.5
10	1222082.5	1351176.0	113466.0	53926.5	0.0	0.0	0.0	103.0	81.5	6.0	39.0	0.0	0.0	0.0	12.798	1.6942861328595007	73.5	37.5	229.5	2740651.0
11	2096453.5	314554.0	52376.0	99691.5	0.0	0.0	0.0	39.5	20.0	2.0	5.0	0.0	0.0	0.0	10.189	2.0594113198618191	24.5	15.0	66.5	2563075.0
12	404968.5	1243028.5	57756.0	98302.0	34071.5	0.0	0.0	65.5	39.0	3.0	22.5	15.5	0.0	0.0	10.285	1.1754222579035161	48.0	29.0	145.5	1838126.5
13	384770.5	724278.5	39686.0	226687.0	0.0	0.0	0.0	49.5	48.0	4.0	29.5	0.0	0.0	0.0	10.237500000000001	1.2190816151410862	45.0	21.5	131.0	1375422.0
14	1046090.5	1136568.0	146830.0	80309.0	21245.0	0.0	0.0	41.0	22.0	10.0	8.5	6.0	0.0	0.0	10.651	1.8995676111618134	25.5	13.0	87.5	2431042.5
15	1400872.5	1542038.5	139165.0	126655.0	0.0	0.0	0.0	250.0	55.0	2.0	20.5	0.0	0.0	0.0	18.226500000000001	3.1560558034317134	57.0	35.5	327.5	3208731.0
16	336757.5	829720.0	1139802.0	182646.5	0.0	0.0	0.0	24.0	17.0	4.0	5.0	0.0	0.0	0.0	10.403500000000001	0.7976855191740666	17.0	8.0	50.0	2488926.0
17	534077.0	1383362.5	21345.0	42866.0	0.0	0.0	0.0	60.0	62.0	4.0	28.5	0.0	0.0	0.0	10.312000000000001	4.1661611357909578	69.0	30.5	154.5	1981650.5
18	255287.0	490077.0	74999.0	16957.0	7005.0	0.0	0.0	12.0	48.0	3.0	6.0	2.0	0.0	0.0	10.779	0.92336741752950191	33.0	18.0	71.0	844325.0
19	1424611.0	1673113.5	48239.0	135344.0	28460.0	0.0	0.0	103.0	67.0	3.0	23.5	7.0	0.0	0.0	10.542	1.5422549147991789	67.5	42.0	203.5	3309767.5
20	178419.0	2127429.0	336382.0	92019.0	0.0	0.0	0.0	44.0	77.0	9.0	29.0	0.0	0.0	0.0	13.687999999999999	6.2324045315510421	67.0	35.0	159.0	2734249.0
21	519290.0	643017.0	1182.0	24262.0	0.0	0.0	0.0	54.5	83.5	1.0	43.0	0.0	0.0	0.0	9.5560000000000009	1.5247336447720956	67.0	39.0	182.0	1187751.0
22	2162384.5	1729385.5	134599.0	112428.5	0.0	0.0	0.0	106.0	80.0	12.0	46.5	0.0	0.0	0.0	12.506	2.9392667878231129	75.0	37.5	244.5	4138797.5
23	2954190.5	1567385.0	387613.0	158859.5	0.0	0.0	493261.0	103.5	91.0	8.0	18.0	0.0	0.0	4.0	11.6425	0.8764401006343786	92.0	53.0	224.5	5561309.0
24	888099.5	887967.5	74305.0	58262.0	0.0	0.0	0.0	87.0	41.0	6.0	59.5	0.0	0.0	0.0	12.138000000000002	0.57665975429383154	51.0	26.0	193.5	1908634.0
25	877304.0	1385797.5	87079.0	90188.0	254.5	0.0	0.0	74.0	66.0	5.0	34.5	0.5	0.0	0.5	11.595500000000001	0.6276919139903655	69.5	41.5	180.5	2440623.0
26	1066027.5	615862.5	30934.0	114100.0	0.0	0.0	0.0	96.5	39.5	3.0	15.5	0.0	0.0	0.0	7.9920000000000009	0.94122492496480326	31.5	15.0	154.5	1826924.0
27	652101.0	1671585.5	126715.0	147520.0	0.0	0.0	0.0	141.0	108.0	5.0	73.5	0.0	0.0	0.0	23.186999999999998	2.1804955536242216	118.0	65.0	327.5	2597921.5
28	75237.5	716771.0	55507.0	71510.5	4421.0	0.0	0.0	20.0	39.0	1.0	14.0	1.0	0.0	0.0	12.843499999999999	1.3494991432009131	35.5	21.0	75.0	923447.0
29	0.0	0.0	0.0	263.5	0.0	0.0	0.0	0.0	0.0	0.0	1.0	0.0	0.0	0.0	0.83550000000000002	0.59303086713509279	3.0	2.0	1.0	263.5
30	1901947.5	458129.0	51611.0	161141.5	3436.0	0.0	0.0	156.0	41.0	5.0	36.5	1.0	0.0	0.0	8.7560000000000002	1.3984997095101592	65.0	33.5	239.5	2576265.0
31	406988.0	869990.5	68952.0	47981.0	5569.0	0.0	0.0	28.0	40.0	1.0	8.5	1.0	0.0	0.0	6.4085000000000001	1.5192827049301916	33.0	19.0	78.5	1399480.5
32	346443.0	1362429.0	227567.0	322833.0	0.0	0.0	0.0	34.0	81.0	6.0	16.0	0.0	0.0	0.0	10.886000000000001	3.0425656936210927	75.0	40.0	137.0	2259272.0
33	801680.0	1073325.0	47193.0	69314.0	0.0	0.0	0.0	113.0	65.0	3.0	16.5	0.0	0.0	0.0	9.8034999999999997	0.95745012108986638	55.0	30.0	197.5	1991512.0
34	875271.5	723939.5	65012.0	20745.0	0.0	0.0	0.0	27.5	29.5	2.0	7.0	0.0	0.0	0.0	6.3295000000000003	0.89102563795886369	32.0	15.0	66.0	1684968.0
35	3485092.0	1775882.0	305487.0	440491.5	10753.0	0.0	0.0	56.5	54.0	5.0	20.5	1.0	0.0	0.0	11.2835	1.2030841616445624	61.0	30.5	137.0	6017705.5
36	452859.5	530554.0	21044.0	31388.0	0.0	0.0	0.0	23.0	14.0	9.0	3.0	0.0	0.0	0.0	1.9354999999999998	0.32760608968698973	4.0	3.0	49.0	1035845.5
37	402286.0	798247.5	88671.0	33096.0	908.0	0.0	0.0	44.0	50.0	21.0	5.0	1.0	0.0	0.0	8.4465000000000003	0.99332823596986297	34.0	16.0	121.0	1323208.5
38	1229877.0	1588980.0	85365.0	152623.0	26865.0	0.0	0.0	98.0	54.0	3.0	16.0	6.0	0.0	0.0	8.6920000000000002	2.4380745246515954	45.0	26.0	177.0	3083710.0
39	4605014.0	286643.5	88361.0	9413.0	12292.0	0.0	0.0	158.0	7.0	3.0	1.0	7.0	0.0	0.0	4.1529999999999996	0.28961760888281646	13.0	6.0	176.0	5001723.5
40	590249.0	584626.5	34188.0	88836.5	0.0	0.0	0.0	46.0	24.0	1.0	42.0	0.0	0.0	0.0	4.407	0.37175056741718626	35.0	16.5	113.0	1297900.0
41	5200107.0	2484755.0	109131.0	989256.0	1393.0	0.0	0.0	60.0	133.0	11.0	27.0	1.0	0.0	0.0	13.641	1.759250362152782	99.0	60.0	232.0	8784642.0
42	2765330.0	1117144.5	18955.0	242088.0	11506.0	0.0	0.0	77.5	53.5	2.0	22.5	4.0	0.0	0.0	9.3339999999999996	1.5575212679125769	55.0	30.0	159.5	4155023.5
43	161814.0	1660482.5	15778.0	155814.5	5466.0	0.0	0.0	86.0	78.0	5.0	37.0	1.0	0.0	0.0	12.679499999999999	1.1016079202692763	99.0	56.0	207.0	1999355.0
44	0.0	0.0	0.0	1084.0	0.0	0.0	0.0	0.0	0.0	0.0	2.0	0.0	0.0	0.0	0.65700000000000003	0.56872450272517705	3.0	2.0	2.0	1084.0
45	1208017.0	924298.5	171514.0	136619.0	0.0	0.0	0.0	70.0	53.0	9.0	12.0	0.0	0.0	0.0	9.266	1.7808278861248776	63.0	31.5	144.0	2440448.5
46	389128.5	1419351.0	45865.0	119917.5	0.0	0.0	0.0	95.0	80.5	4.0	50.0	0.0	0.0	0.0	18.583500000000001	4.6346235931302981	94.5	57.0	229.5	1974262.0
47	222467.0	446238.0	56369.0	75998.5	0.0	0.0	0.0	40.5	19.5	5.0	4.0	0.0	0.0	0.0	8.3550000000000004	2.3464900255487984	9.5	4.0	69.0	801072.5
48	43787.0	0.0	4966.0	7556.0	0.0	0.0	0.0	13.0	0.0	2.0	1.0	0.0	0.0	0.0	1.9979999999999998	0.60836436450535136	2.0	2.0	16.0	56309.0
49	3587245.5	661880.5	71114.0	467527.5	0.0	0.0	0.0	109.5	42.0	8.0	10.5	0.0	0.0	0.0	10.859	2.4474580609277043	49.5	24.5	170.0	4787767.5
50	1652268.0	1264130.0	18504.0	45888.5	40738.0	0.0	0.0	41.0	39.0	1.0	24.5	2.0	0.0	0.0	9.7005000000000017	1.3811545749842775	65.5	40.0	107.5	3021528.5
51	45304.0	591209.0	26059.0	104762.0	7680.0	0.0	0.0	45.0	32.0	1.0	35.0	1.0	0.0	0.0	7.2800000000000002	0.91895763547753906	52.0	30.0	114.0	775014.0
52	6764403.0	136461.0	14246.0	38236.5	11128.0	0.0	0.0	18.0	12.0	1.0	6.0	2.0	0.0	0.0	5.8319999999999999	1.8485303595018396	9.0	5.0	39.0	6964474.5
53	138083.0	975732.5	88531.0	63941.0	0.0	0.0	0.0	15.0	49.0	2.0	8.5	0.0	0.0	0.0	6.2244999999999999	1.4367559848492018	33.0	16.0	74.5	1266287.5
54	1164429.0	701997.0	133927.5	102629.5	8637.0	0.0	0.0	129.0	38.5	4.0	48.0	2.0	0.0	0.0	9.9049999999999994	1.9779925808758734	67.5	35.5	221.5	2111620.0
55	7095929.0	935555.0	111703.0	70766.0	0.0	0.0	0.0	111.0	90.0	15.0	18.0	0.0	0.0	0.0	10.233499999999999	2.9776048579353165	66.5	37.0	234.0	8213953.0
56	831.0	81919.0	35314.0	31549.5	0.0	0.0	0.0	2.0	5.0	2.0	2.0	0.0	0.0	0.0	2.1100000000000003	0.31715680664302326	7.0	5.0	11.0	149613.5
57	594103.0	1083886.0	40232.0	23157.0	0.0	0.0	0.0	32.0	29.0	2.0	6.0	0.0	0.0	0.0	5.9079999999999995	2.341524725472699	37.0	23.5	69.0	1741378.0
58	454831.5	1395632.0	66835.0	81476.5	0.0	0.0	0.0	107.5	77.0	7.0	28.0	0.0	0.0	0.0	9.7534999999999989	1.8928938718269439	73.0	39.0	219.5	1998775.0
59	244780.0	717815.0	53881.0	157576.0	0.0	0.0	0.0	27.0	25.5	5.0	12.5	0.0	0.0	0.0	8.479000000000001	1.0853579133170772	23.5	10.0	70.0	1174052.0
60	1447922.0	657350.0	99433.0	78144.0	0.0	0.0	0.0	37.0	48.0	9.0	9.0	0.0	0.0	0.0	6.0065	2.9199784999208473	29.0	17.0	103.0	2282849.0
61	762437.5	427420.5	10974.0	78830.0	0.0	0.0	0.0	53.0	30.0	5.0	4.0	0.0	0.0	0.0	7.3994999999999997	2.6738480529005382	22.0	15.0	92.0	1279662.0
62	439869.0	506532.0	213746.0	39188.5	0.0	0.0	0.0	23.0	22.0	12.0	5.0	0.0	0.0	0.0	10.365500000000001	1.6096593086737327	24.0	12.0	62.0	1199335.5
63	1459109.0	584503.0	1217.0	38340.0	3667.0	0.0	0.0	67.0	39.0	1.0	14.0	2.0	0.0	0.0	7.7080000000000002	1.999580289294064	57.0	32.0	123.0	2086836.0
64	679401.5	901820.5	58819.0	190443.5	5200.0	0.0	0.0	145.0	61.5	6.0	65.0	1.0	0.0	0.0	13.894500000000001	5.550916398161208	112.0	63.5	278.5	1835684.5
65	215940.5	544502.5	55698.0	65521.5	0.0	0.0	0.0	45.5	44.0	1.0	35.5	0.0	0.0	0.0	10.608499999999999	1.2286093510550857	59.0	29.0	126.0	881662.5
66	2517482.0	640400.0	58105.0	77881.0	0.0	0.0	0.0	135.0	29.0	7.0	5.0	0.0	0.0	0.0	7.0590000000000002	6.7879198253629633	24.0	10.0	176.0	3293868.0
67	431680.0	898572.0	48320.0	127280.0	0.0	0.0	0.0	95.0	55.0	5.0	57.0	0.0	0.0	0.0	10.516999999999999	2.744851467793278	59.0	34.0	212.0	1505852.0
68	995669.5	1128015.5	234561.0	85080.0	11857.0	0.0	0.0	64.0	59.5	5.0	24.5	4.0	0.0	0.0	12.841000000000001	3.5061853117027346	65.0	36.5	157.0	2455183.0
69	406787.0	1654429.0	128081.0	78281.0	0.0	0.0	0.0	52.0	68.0	10.0	27.0	0.0	0.0	0.0	11.641	2.0384143135241781	70.0	39.0	157.0	2267578.0
70	122139.0	93556.0	60213.0	11826.0	0.0	0.0	0.0	5.0	4.0	2.0	1.0	0.0	0.0	0.0	2.2930000000000001	4.2308422577543592	3.5	2.5	12.0	287734.0
71	881461.0	1738349.0	108466.0	94390.0	0.0	0.0	0.0	119.0	79.0	6.0	24.0	0.0	0.0	0.0	9.1669999999999998	2.0938013690031601	76.0	41.0	228.0	2822666.0
72	2420788.0	159045.0	45372.5	43624.5	0.0	0.0	0.0	76.0	7.0	7.0	6.0	0.0	0.0	0.0	2.9659999999999997	4.6719185951812134	12.0	9.0	96.0	2668830.0
73	401998.0	1434773.0	146782.0	123683.0	0.0	0.0	0.0	158.0	77.0	4.0	58.0	0.0	0.0	0.0	11.914000000000001	1.2761898829264986	99.0	53.0	297.0	2107236.0
74	2518089.5	1495682.5	186860.0	135845.5	0.0	0.0	0.0	216.0	44.5	2.5	26.5	0.0	0.0	0.0	9.7620000000000005	2.705666537103196	44.5	24.0	289.5	4336477.5
75	391801.0	270354.0	60494.0	54499.0	1351.0	0.0	0.0	77.5	28.0	4.0	13.5	1.0	0.0	0.0	7.9089999999999998	6.3073563202026248	29.0	12.0	124.0	778499.0
76	2163963.0	755599.0	65593.0	47880.0	24557.0	0.0	0.0	108.0	59.0	2.0	10.0	22.0	0.0	0.0	7.5060000000000002	0.54571869025065356	54.0	29.0	201.0	3057592.0
77	538167.0	442853.5	26809.0	121186.0	0.0	0.0	0.0	46.5	25.0	1.0	5.0	0.0	0.0	0.0	6.6169999999999991	3.1122217931889109	36.0	16.0	77.5	1129015.5
78	276284.0	1629769.5	197716.0	88257.0	0.0	0.0	0.0	27.0	45.5	2.0	6.0	0.0	0.0	0.0	10.814500000000001	5.7184354232604564	31.5	20.0	80.5	2192026.5
79	1002035.0	1277282.0	66321.0	81699.0	0.0	0.0	0.0	122.0	70.0	6.0	25.0	0.0	0.0	0.0	9.1840000000000011	1.4783357008624407	69.0	39.0	223.0	2427337.0
80	2875324.0	1564468.0	20469.0	126222.0	3061.0	0.0	0.0	156.0	66.0	1.0	43.0	3.0	0.0	0.0	12.225	1.3816203405538363	79.0	44.0	269.0	4589544.0
81	208276.0	139645.0	256082.0	5783.0	0.0	0.0	0.0	8.0	6.0	7.0	6.0	0.0	0.0	0.0	9.2490000000000006	4.2434795910903125	12.0	7.0	27.0	609786.0
82	12717.0	228181.0	65479.0	24881.0	2342.0	0.0	0.0	7.0	3.0	3.0	3.0	1.0	0.0	0.0	3.0470000000000002	1.9927120313783426	6.5	4.5	17.0	333600.0
83	1138809.0	902339.0	130693.0	92143.0	571.0	0.0	0.0	28.0	45.0	4.0	12.0	1.0	0.0	0.0	7.4790000000000001	1.0270808087265193	38.0	20.0	90.0	2264555.0
84	216509.5	379014.5	336592.0	8553.0	0.0	0.0	0.0	9.5	19.0	10.0	4.0	0.0	0.0	0.0	8.269499999999999	1.3106573312654985	21.0	13.5	42.5	940669.0
85	1974768.0	1471975.0	112734.0	45531.0	4975.0	0.0	0.0	98.0	78.0	9.0	24.0	2.0	0.0	0.0	11.020000000000001	1.4800508332945197	66.0	33.0	211.0	3609983.0
86	208255.0	139645.0	256082.0	5631.5	0.0	0.0	0.0	7.5	6.0	7.0	6.0	0.0	0.0	0.0	5.8079999999999998	4.7580431786607402	9.5	6.0	26.5	609613.5
87	1021460.0	1306699.0	101849.0	50472.0	0.0	0.0	0.0	83.0	63.0	2.0	28.0	0.0	0.0	0.0	8.7100000000000009	1.4261667954327999	63.0	35.0	176.0	2480480.0
88	923094.0	1374829.0	172257.0	148812.0	1692.0	0.0	0.0	116.0	85.0	8.0	44.0	2.0	0.0	0.0	13.24	4.1468530534507222	95.0	64.0	255.0	2620684.0
89	955381.0	590874.0	66888.0	51829.0	3508.0	0.0	0.0	66.0	36.0	6.0	30.0	1.0	0.0	0.0	5.4060000000000006	0.83537866035280017	72.0	37.0	139.0	1668480.0
90	1375605.0	1103189.0	106303.0	73099.0	0.0	0.0	0.0	68.0	53.0	19.0	29.0	0.0	0.0	0.0	9.0090000000000003	1.5375534518461305	44.0	17.0	169.0	2658196.0
91	786830.0	1522180.0	96315.0	464427.0	1521.0	0.0	0.0	79.0	111.0	23.0	32.0	2.0	0.0	0.0	10.638999999999999	1.0951138956494177	97.0	53.0	247.0	2871273.0
92	1841909.0	654763.0	44861.0	191874.0	64755.0	0.0	0.0	98.0	74.0	21.0	30.0	17.0	0.0	0.0	9.1420000000000012	0.90180001403089505	53.0	28.0	240.0	2798162.0
93	3869568.5	1379127.0	183320.0	150177.5	0.0	0.0	0.0	230.0	43.0	3.0	26.0	0.0	0.0	0.0	11.220500000000001	3.2980104745133851	42.0	23.0	302.0	5582193.0
94	1616936.0	889083.0	616816.0	180222.5	11625.5	0.0	0.0	141.5	62.5	20.0	22.0	5.5	0.0	0.0	13.156500000000001	4.4388465900501677	48.0	30.0	251.5	3314683.0
95	260727.0	971714.5	82795.0	71262.5	0.0	0.0	0.0	36.5	61.0	6.0	18.0	0.0	0.0	0.0	10.548	0.88315318917816088	63.5	35.0	121.5	1386499.0
96	3599635.0	404903.0	49661.0	158639.0	1174577.0	0.0	0.0	94.0	32.0	2.0	10.0	7.0	0.0	0.0	7.7729999999999997	0.97481646262384625	44.0	25.0	145.0	5387415.0
97	631385.0	984797.5	154958.0	61691.5	15825.0	0.0	0.0	55.0	59.5	7.0	10.0	4.0	0.0	0.0	9.4489999999999998	3.047014906428914	42.0	26.0	135.5	1848657.0
98	250165.0	1299196.0	383765.0	96627.0	15672.0	0.0	0.0	31.0	45.0	6.0	16.0	3.0	0.0	0.0	12.682	1.6196378729537575	45.0	16.0	101.0	2045425.0
99	457025.0	1307237.0	123635.0	97970.0	0.0	0.0	0.0	98.0	84.0	14.0	54.0	0.0	0.0	0.0	13.106	1.0929522822877604	91.0	50.0	250.0	1985867.0
100	870385.5	694731.0	20261.0	55048.5	0.0	0.0	0.0	38.5	21.5	1.0	5.5	0.0	0.0	0.0	8.535499999999999	0.91143046909788994	23.0	12.0	66.5	1640426.0
101	1043281.0	1114544.0	76939.0	119266.0	182.0	304050.0	571430.0	64.0	41.0	3.0	23.0	1.0	3.0	4.0	7.8519999999999994	1.9598209920775049	41.0	17.0	139.0	3229692.0
102	1406.0	0.0	0.0	37537.0	0.0	0.0	0.0	1.0	0.0	0.0	3.0	0.0	0.0	0.0	0.50650000000000006	0.3907621911086076	1.0	1.0	4.0	38943.0
103	94892.0	0.0	3665.0	11235.0	0.0	0.0	0.0	23.0	0.0	2.0	1.0	0.0	0.0	0.0	1.9975000000000001	3.0850574143765948	3.0	3.0	26.0	109792.0
104	1038068.0	1759506.0	102496.0	49741.0	0.0	0.0	0.0	74.0	65.0	3.0	17.0	0.0	0.0	0.0	9.0180000000000007	1.7023413578849078	65.0	37.0	159.0	2949811.0
105	279995.0	322088.0	66522.0	21771.5	0.0	0.0	0.0	27.0	25.0	4.0	8.0	0.0	0.0	0.0	8.6280000000000001	3.6129664556981429	20.0	10.0	64.0	690376.5
106	972897.0	342008.0	64731.0	24623.5	0.0	0.0	0.0	24.0	18.0	2.0	6.0	0.0	0.0	0.0	8.109	2.2684907670078802	22.5	10.0	50.0	1404259.5
107	258715.0	1014387.0	40348.0	89803.0	0.0	0.0	0.0	149.0	40.0	6.0	70.0	0.0	0.0	0.0	13.378	2.0397333764278067	98.0	58.0	265.0	1403253.0
108	1202694.0	1757773.0	108838.0	103817.0	0.0	0.0	0.0	119.0	79.0	7.0	24.0	0.0	0.0	0.0	11.186999999999999	2.1972542517682334	80.0	40.0	229.0	3173122.0
109	798053.5	1582932.0	31449.0	67822.5	0.0	0.0	0.0	91.5	57.5	2.0	20.5	0.0	0.0	0.0	10.172000000000001	1.3091269037033801	52.5	30.0	171.5	2480257.0
110	1080939.0	1315052.0	37745.0	125501.0	105102.0	0.0	0.0	109.0	78.0	6.0	30.0	6.0	0.0	0.0	8.6009999999999991	1.0156069887291814	68.0	40.0	229.0	2664339.0
111	447814.0	1261306.0	66755.0	80051.0	0.0	0.0	0.0	104.0	65.0	7.0	21.0	0.0	0.0	0.0	7.891	1.5994453205200023	64.0	37.0	197.0	1855926.0
112	1134575.0	2093073.0	192811.0	135587.0	0.0	0.0	0.0	88.0	76.0	4.0	29.0	0.0	0.0	0.0	10.468	2.4320377372803152	73.0	40.0	197.0	3556046.0
113	466953.5	1133506.5	118177.0	51739.5	8175.0	0.0	0.0	84.5	57.0	3.0	28.0	9.0	0.0	0.0	10.149000000000001	1.4967752002221313	57.0	28.5	181.5	1778551.5
114	443722.5	1693401.5	84293.0	184128.0	0.0	0.0	0.0	130.0	109.0	4.0	75.5	0.0	0.0	0.0	20.801500000000001	3.4770514785339319	103.0	58.0	318.5	2405545.0
115	426666.0	558313.0	116719.0	12508.5	0.0	0.0	0.0	48.0	47.0	16.0	10.0	0.0	0.0	0.0	8.6589999999999989	5.3680299188808549	48.5	22.0	121.0	1114206.5
116	1034764.5	131055.0	56773.0	15977.5	587.0	0.0	0.0	42.5	13.0	3.0	5.0	1.0	0.0	0.0	4.6784999999999997	2.1327465766002298	18.0	11.0	64.5	1239157.0
117	340480.0	803420.0	106054.0	48792.0	12552.0	0.0	0.0	22.0	38.0	8.0	3.0	1.0	0.0	0.0	6.9989999999999997	1.8938779798258216	38.0	19.0	72.0	1311298.0
118	224827.0	756422.5	20183.0	28456.5	0.0	0.0	0.0	29.5	39.0	4.0	5.0	0.0	0.0	0.0	4.6699999999999999	3.0531418309669136	41.5	18.0	77.5	1029889.0
119	1299907.0	756023.0	129318.0	157681.0	3268.0	0.0	0.0	62.0	26.0	6.0	12.0	2.0	0.0	0.0	5.6459999999999999	0.59791303715506994	42.0	24.0	108.0	2346197.0
120	476657.5	1498392.0	84411.0	110086.5	0.0	0.0	0.0	105.5	88.0	4.0	49.0	0.0	0.0	0.0	17.027000000000001	3.2998551080880811	91.0	52.5	246.5	2169547.0
121	646523.0	1145505.0	53051.0	61443.0	0.0	0.0	0.0	104.0	51.0	12.0	32.0	0.0	0.0	0.0	7.8639999999999999	0.91641634292511764	76.0	47.0	199.0	1906522.0
122	746651.0	381812.0	31862.0	67214.0	0.0	0.0	0.0	35.0	6.0	2.0	2.0	0.0	0.0	0.0	5.0470000000000006	0.74815220937658244	11.0	7.0	45.0	1227539.0
123	1319940.0	241629.0	34264.0	11923.5	0.0	0.0	0.0	44.0	10.0	7.0	3.0	0.0	0.0	0.0	6.4104999999999999	6.0055036766286314	13.0	9.0	64.0	1607756.5
124	660605.0	1611127.0	188567.5	95064.0	8874.0	0.0	0.0	70.5	67.5	16.0	21.0	1.0	0.0	0.0	10.6065	2.3007604721048214	57.0	30.0	176.0	2564237.5
125	459937.0	1641013.0	84295.0	145696.0	0.0	0.0	0.0	99.0	88.0	5.0	61.0	0.0	0.0	0.0	17.474999999999998	3.9089233759673108	90.0	51.0	253.0	2330941.0
126	6360988.0	1384162.0	179578.0	129288.0	0.0	0.0	0.0	212.0	42.0	3.0	25.0	0.0	0.0	0.0	9.6609999999999996	2.2039249331842301	46.0	24.0	282.0	8054016.0
127	2271973.0	618034.0	55629.0	28026.0	0.0	0.0	0.0	33.0	29.0	4.0	10.5	0.0	0.0	0.0	11.536999999999999	4.8701812943667715	33.5	17.5	76.5	2973662.0
128	92428.5	555742.5	80163.0	25133.5	0.0	0.0	0.0	15.0	33.5	7.0	10.0	0.0	0.0	0.0	5.1140000000000008	2.1558254938654011	29.0	17.0	65.5	753467.5
129	2052259.0	1024701.0	102946.0	132512.0	1337.0	0.0	0.0	95.0	48.0	9.0	13.0	3.0	0.0	0.0	6.8419999999999996	0.90063041021412826	43.0	25.0	168.0	3313755.0
130	1278991.0	1108664.0	949969.0	181960.0	211246.0	0.0	0.0	134.0	64.0	21.0	24.0	10.0	0.0	0.0	13.558999999999999	4.4796326844568766	51.0	32.0	253.0	3730830.0
131	3616751.0	697201.0	245955.0	25318.0	29556.0	0.0	0.0	45.0	23.0	1.0	18.0	24.0	0.0	0.0	6.8899999999999997	1.075193729313725	31.0	12.0	111.0	4614781.0
132	1802817.0	2250734.0	298614.0	119200.0	1129.0	0.0	0.0	92.0	83.0	13.0	42.0	2.0	0.0	0.0	12.020999999999999	1.1090171268534679	75.0	46.0	232.0	4472494.0
133	2204607.0	171228.0	62130.0	13591.0	402.0	0.0	0.0	18.0	10.0	8.0	2.5	1.0	0.0	0.0	6.0099999999999998	1.4344497063334078	13.0	5.0	39.5	2451958.0
134	4252461.0	1573556.5	184114.0	152485.5	0.0	0.0	0.0	201.5	53.0	4.0	31.5	0.0	0.0	0.0	12.359000000000002	3.3908532908399325	50.5	28.0	290.0	6162617.0
135	613859.0	1477681.5	84285.0	126731.0	0.0	0.0	0.0	118.0	88.0	4.0	60.0	0.0	0.0	0.0	18.3095	2.9421990772209816	93.5	54.5	270.0	2302556.5
136	2806510.5	1719811.0	148182.0	60226.0	402.0	0.0	0.0	142.5	62.0	12.5	45.5	1.0	0.0	0.0	11.852499999999999	2.7367492121127945	89.0	46.0	263.5	4735131.5
137	2032297.0	1179093.5	176604.0	137120.0	0.0	0.0	0.0	189.5	40.0	2.0	26.0	0.0	0.0	0.0	10.482500000000002	2.0501697002931247	45.5	28.0	257.5	3525114.5
138	203946.5	1320954.0	258999.0	45665.0	1863.0	0.0	0.0	24.0	21.0	8.0	8.5	1.0	0.0	0.0	3.4264999999999999	0.38628125763490001	23.0	12.0	62.5	1831427.5
139	2407871.5	1493634.5	79795.5	62027.0	0.0	0.0	0.0	79.5	65.0	4.5	21.5	0.0	0.0	0.0	9.8760000000000012	0.77478849371941483	64.5	36.0	170.5	4043328.5
140	208276.0	139645.0	256082.0	5322.0	0.0	0.0	0.0	8.0	6.0	7.0	3.0	0.0	0.0	0.0	6.3075000000000001	4.5136056052783342	9.0	5.0	24.0	609325.0
141	208276.0	139645.0	256082.0	5532.0	0.0	0.0	0.0	8.0	6.0	7.0	4.0	0.0	0.0	0.0	5.843	1.0663223402580164	10.0	6.0	25.0	609535.0
142	1592757.0	1886727.5	52320.5	138712.0	26403.0	0.0	0.0	141.0	75.0	4.5	25.0	6.0	0.0	0.0	10.835000000000001	1.8683583944200852	67.5	45.5	251.5	3696920.0
143	1025930.5	521577.5	32758.0	35301.0	0.0	0.0	0.0	44.5	24.0	6.0	6.0	0.0	0.0	0.0	9.3699999999999992	2.3651641401813959	23.5	7.0	80.5	1615567.0
144	1248032.5	753191.0	43375.0	24034.5	0.0	0.0	0.0	67.0	30.0	6.0	8.5	0.0	0.0	0.0	10.410499999999999	1.4471139001474624	28.0	15.0	111.5	2068633.0
145	1413506.0	889189.0	6103.0	293154.5	0.0	0.0	0.0	124.5	70.0	7.0	53.5	0.0	0.0	0.0	12.539999999999999	3.5556519247530409	50.5	30.5	255.0	2601952.5
146	333599.5	1087955.5	277178.0	54140.0	0.0	0.0	0.0	47.0	53.5	8.0	24.5	0.0	0.0	0.0	9.9499999999999993	1.3739642235152996	67.0	34.5	133.0	1752873.0
147	749420.0	1530171.5	204258.0	264385.0	3006.0	0.0	0.0	155.5	111.0	10.0	56.0	2.0	0.0	0.0	15.068999999999999	4.7296777226360778	108.5	70.0	334.5	2751240.5
148	2366166.0	1118390.0	955018.0	430700.0	17534.0	0.0	0.0	195.0	71.0	23.0	26.0	11.0	0.0	0.0	14.413	4.3597547954607743	57.0	36.0	326.0	4887808.0
149	14374413.0	280701.0	115184.0	15219.0	0.0	0.0	0.0	34.0	9.0	6.0	5.0	0.0	0.0	0.0	4.9064999999999994	1.0706258403382576	10.0	6.0	54.0	14785517.0
150	1596358.0	602777.0	122510.0	98659.0	58778.0	0.0	0.0	61.0	12.0	1.0	19.0	10.0	0.0	0.0	7.3500000000000005	0.0	32.0	19.0	103.0	2479082.0
151	1674675.0	1394991.0	233456.0	61908.5	0.0	0.0	0.0	23.0	42.5	3.0	8.5	0.0	0.0	0.0	7.8920000000000003	1.3789128906497321	20.5	14.0	77.0	3365030.5
152	1031268.0	1731098.5	102451.0	50271.5	0.0	0.0	0.0	84.5	60.5	3.0	24.5	0.0	0.0	0.0	8.0869999999999997	1.708085431118713	58.0	34.5	172.5	2915089.0
153	680317.0	436299.5	100908.0	16896.0	0.0	0.0	0.0	34.0	45.0	21.0	11.0	0.0	0.0	0.0	6.4935	3.2203243082025139	45.0	28.0	111.0	1234420.5
154	885103.5	1104122.5	55109.0	33960.5	0.0	0.0	0.0	53.5	65.5	2.0	18.5	0.0	0.0	0.0	8.7474999999999987	1.2678878538735194	55.0	30.0	139.5	2078295.5
155	792567.0	1971311.5	57996.5	112279.5	0.0	0.0	0.0	125.5	102.5	18.5	56.5	0.0	0.0	0.0	11.333500000000001	2.0391469294781088	101.5	65.0	303.0	2934154.5
156	1343971.0	1390337.0	56244.0	122187.0	0.0	0.0	0.0	167.0	100.0	7.0	66.0	0.0	0.0	0.0	12.886000000000001	0.0	101.0	53.0	340.0	2912739.0
157	2965218.5	1610669.5	308417.0	129183.0	0.0	0.0	0.0	245.0	79.0	22.0	35.0	0.0	0.0	0.0	16.586500000000001	1.3414362601331451	90.0	48.5	381.0	5013488.0
158	0.0	111230.0	56705.0	114956.5	0.0	0.0	0.0	0.0	4.0	1.5	2.0	0.0	0.0	0.0	0.63400000000000001	1.9712369720558713	4.5	4.5	7.5	282891.5
159	3674496.0	1201803.5	176180.0	131722.5	0.0	0.0	0.0	228.5	28.5	2.0	22.5	0.0	0.0	0.0	9.5600000000000005	3.835920907683056	32.0	18.0	281.5	5184202.0
160	1041959.5	1080839.0	108486.0	268970.5	0.0	0.0	0.0	66.5	67.0	12.0	32.0	0.0	0.0	0.0	10.9085	1.0718888748373125	59.5	32.5	177.5	2500255.0
161	544732.0	407429.0	23534.0	22821.0	0.0	0.0	0.0	47.0	14.0	4.0	4.0	0.0	0.0	0.0	4.4180000000000001	1.0391733445388214	23.0	10.0	69.0	998516.0
162	1244488.5	964529.0	68794.0	89820.5	29844.0	0.0	0.0	111.5	77.5	6.0	22.0	6.0	0.0	0.0	7.3885000000000005	3.1179263942562851	65.0	37.5	223.0	2397476.0
163	791863.0	953596.5	91016.0	257287.0	0.0	0.0	0.0	52.0	71.5	10.0	35.5	0.0	0.0	0.0	10.9275	1.4980604260175892	64.0	34.5	169.0	2093762.5
164	159273.0	74791.0	29003.0	15159.0	79030.0	0.0	0.0	24.0	8.0	7.0	4.5	1.0	0.0	0.0	6.8475000000000001	1.999800962596028	16.5	7.0	44.5	357256.0
165	330828.0	465684.0	54618.0	19343.0	0.0	0.0	0.0	35.5	23.0	2.0	7.5	0.0	0.0	0.0	5.9894999999999996	2.7059402136780482	16.5	10.0	68.0	870473.0
166	200639.5	1174570.5	111013.0	51002.0	0.0	0.0	0.0	39.5	45.0	13.0	14.5	0.0	0.0	0.0	7.5570000000000004	1.6175660233820446	48.0	28.0	112.0	1537225.0
168	654023.0	636345.0	262238.0	51090.5	0.0	0.0	0.0	18.0	17.0	1.0	2.0	0.0	0.0	0.0	5.6440000000000001	1.551183229022284	16.5	10.0	38.0	1603696.5
169	153453.0	3498.0	255375.0	41064.0	8713.0	0.0	0.0	46.0	2.0	2.0	3.0	4.0	0.0	0.0	2.5625	0.74506617826874943	4.0	3.0	57.0	462103.0
170	569013.0	683499.0	2159892.0	52564.0	0.0	0.0	0.0	13.0	15.0	3.0	1.0	0.0	0.0	0.0	4.6980000000000004	0.92536058377261787	10.0	8.0	32.0	3464968.0
171	1216401.0	1592996.0	204230.0	287315.0	2886.0	0.0	0.0	136.0	96.0	10.0	49.0	2.0	0.0	0.0	15.013999999999999	1.4718977252446068	107.0	72.0	293.0	3303828.0
172	399352.0	1602845.0	84309.0	116255.0	0.0	0.0	0.0	105.0	88.0	4.0	48.0	0.0	0.0	0.0	17.276	4.0417575334480018	105.0	62.0	245.0	2202761.0
173	1293779.0	365947.5	41050.0	51603.5	0.0	0.0	0.0	81.0	20.0	8.0	10.0	0.0	0.0	0.0	4.927999999999999	1.1264706165719547	22.0	8.0	119.0	1752380.0
174	1187188.5	962569.5	113457.0	209490.0	0.0	0.0	0.0	64.5	46.0	4.0	31.5	0.0	0.0	0.0	8.1890000000000001	2.3745203326145683	67.5	33.0	146.0	2472705.0
175	2310215.0	1072524.5	42818.0	29482.5	23839.0	0.0	-1.0	41.0	31.5	9.0	6.0	10.0	0.0	1.0	11.007	3.4344828082260075	31.5	17.0	98.5	3478878.0
176	359795.0	2124010.5	175307.0	63629.5	3989.0	0.0	0.0	77.5	75.0	7.0	28.5	4.0	0.0	0.0	9.2364999999999995	1.238329614591769	71.0	36.5	192.0	2726731.0
177	654029.0	1480593.0	344203.0	93838.0	8874.0	0.0	0.0	71.5	60.0	14.0	16.5	1.0	0.0	0.0	10.474	3.4601708281528532	57.0	28.5	163.0	2581537.0
178	217024.0	843876.0	121779.0	98322.5	1706.0	1985871.0	0.0	121.0	47.5	1.0	21.0	1.0	1.0	0.0	7.8399999999999999	1.7253954793032236	67.0	37.0	192.5	3268578.5
179	1379819.5	1219478.0	176180.0	118452.5	0.0	0.0	0.0	145.0	38.0	2.0	20.5	0.0	0.0	0.0	9.2944999999999993	2.3926622745385524	35.0	18.0	205.5	2893930.0
180	1369122.0	1219523.0	176180.0	121826.5	0.0	0.0	0.0	149.5	38.0	2.0	22.0	0.0	0.0	0.0	9.2325000000000017	3.1599219753025549	36.5	18.0	211.5	2886651.5
181	328141.5	434400.5	34984.0	5949.0	0.0	0.0	0.0	48.0	24.0	3.0	4.0	0.0	0.0	0.0	7.9335000000000004	2.3030833267600195	17.5	8.0	79.0	803475.0
182	2584297.5	996844.0	161523.0	44001.5	182.0	0.0	0.0	85.5	38.5	16.0	18.0	1.0	0.0	0.0	9.5090000000000003	3.1325865814052127	42.0	21.0	159.0	3786848.0
183	5694.0	219288.0	36408.0	29809.5	0.0	0.0	0.0	1.0	11.0	2.0	3.0	0.0	0.0	0.0	0.5575	0.26402234753899145	8.0	5.0	17.0	291199.5
184	800633.0	1213203.0	114786.0	79491.0	0.0	0.0	0.0	83.0	68.0	8.0	47.0	0.0	0.0	0.0	11.143000000000001	3.1543065368468977	81.0	46.0	206.0	2208113.0
185	508567.0	401628.0	49907.0	54925.0	0.0	0.0	0.0	15.0	26.0	5.0	9.0	0.0	0.0	0.0	5.5470000000000006	2.9989098352568058	22.5	11.0	55.0	1015027.0
186	4827660.0	1342269.0	159224.0	136177.0	182.0	0.0	0.0	149.0	57.0	17.0	38.0	1.0	0.0	0.0	14.110000000000001	2.8500850934665092	39.0	18.0	262.0	6465512.0
187	1800398.0	928193.0	60026.0	129676.0	11932.0	0.0	0.0	188.0	74.0	1.0	53.0	12.0	0.0	0.0	13.794	3.4014334313279013	108.0	61.0	328.0	2930225.0
188	695463.0	1409437.0	174309.0	98778.0	7402.0	0.0	0.0	84.0	61.0	14.0	17.0	1.0	0.0	0.0	9.6650000000000009	2.8162627630633623	57.0	29.0	177.0	2385389.0
189	170154.0	331326.5	44745.0	19588.5	0.0	0.0	0.0	13.0	21.0	2.0	7.0	0.0	0.0	0.0	6.5670000000000002	1.287486559153143	24.0	11.0	43.0	565814.0
190	752804.0	434085.0	334521.0	21330.0	0.0	0.0	0.0	15.0	10.0	1.0	3.0	0.0	0.0	0.0	7.242	2.8236747351633831	15.0	8.0	29.0	1542740.0
191	341722.5	629652.5	73507.0	26312.0	0.0	0.0	0.0	80.5	23.0	3.0	38.5	0.0	0.0	0.0	10.5825	2.8852004453763698	51.0	28.5	145.0	1071194.0
192	888869.5	1158073.5	96388.0	94534.0	182.0	0.0	0.0	72.5	59.0	12.0	31.5	1.0	0.0	0.0	13.320499999999999	3.0123098595596041	57.5	36.5	176.0	2238047.0
193	252573.0	1227683.5	118224.0	67159.0	0.0	0.0	0.0	36.5	53.0	9.0	13.5	0.0	0.0	0.0	10.172999999999998	4.1695291880498928	51.5	26.5	112.0	1665639.5
194	380996.0	674713.5	24864.0	65998.5	9399.0	0.0	0.0	71.0	46.5	2.0	31.5	1.0	0.0	0.0	11.8535	4.1208111458789274	50.5	27.0	152.0	1155971.0
195	3523368.0	2339859.5	173404.5	109782.0	1903.0	0.0	0.0	102.5	95.0	17.5	43.5	4.0	0.0	0.0	13.799499999999998	2.2336302849845144	91.0	58.5	262.5	6148317.0
196	3238942.0	1217882.0	113790.0	146113.0	3384.0	0.0	1660462.0	113.0	43.0	5.0	39.0	2.0	0.0	1.0	10.379000000000001	1.9300100172451611	77.0	43.0	203.0	6380573.0
197	3322563.0	716106.0	42121.0	57746.0	1797.0	0.0	0.0	49.0	31.0	6.0	16.0	1.0	0.0	0.0	7.0709999999999997	1.2128619963632394	31.0	17.0	103.0	4140333.0
198	98281.0	952132.0	51440.0	97044.0	4102.0	0.0	0.0	40.0	58.0	6.0	21.0	5.0	0.0	0.0	8.4610000000000003	0.77639952487248631	56.0	27.0	130.0	1202999.0
199	373165.0	1368900.0	58155.0	144595.0	0.0	0.0	0.0	108.0	76.0	4.0	47.0	0.0	0.0	0.0	14.686	3.3778936493283562	90.0	51.0	235.0	1944815.0
200	2529315.0	1043771.0	113786.0	147079.5	1910.5	181009.0	0.0	111.5	42.0	5.0	41.0	1.0	1.0	1.0	10.436	1.5312198517440272	74.0	41.0	202.5	4016871.0
201	1086842.0	432892.0	135531.0	25115.0	5940.0	0.0	0.0	30.0	29.0	4.0	5.0	1.0	0.0	0.0	4.9890000000000008	0.51205989233031457	30.0	18.0	69.0	1686320.0
202	978555.0	638410.0	70709.0	23559.0	1392.0	0.0	0.0	40.0	30.0	2.0	46.0	2.0	0.0	0.0	5.7919999999999998	0.76001453852241008	31.0	17.0	120.0	1712625.0
203	3983208.0	1348123.0	196838.0	603236.5	87262.0	0.0	0.0	66.0	36.5	12.5	10.0	6.0	0.0	0.0	9.1434999999999995	1.2717868007911806	37.5	18.0	131.0	6218667.5
204	1928410.0	569321.0	69033.0	49048.0	182.0	0.0	0.0	37.0	45.0	10.0	17.0	1.0	0.0	0.0	6.6589999999999998	1.3344083166540726	29.0	12.0	110.0	2615994.0
205	153944.0	1152726.0	81598.0	43680.0	0.0	0.0	0.0	112.5	65.0	5.0	52.5	0.0	0.0	0.0	12.157500000000001	2.5360360801849797	132.0	97.5	235.0	1431948.0
206	224997.0	638211.0	38650.0	55365.0	0.0	0.0	0.0	42.0	21.0	8.0	8.0	0.0	0.0	0.0	10.388	1.0821636534459596	28.0	11.0	79.0	957223.0
207	672179.0	303112.0	44921.0	29008.0	0.0	0.0	0.0	41.0	23.0	9.0	10.0	0.0	0.0	0.0	6.4130000000000003	1.1425887868356095	33.0	18.0	83.0	1049220.0
208	3533560.5	1538851.0	425202.0	387779.0	0.0	0.0	0.0	67.5	37.5	9.0	26.0	0.0	0.0	0.0	12.6005	2.5511256553480464	37.0	13.5	140.0	5885392.5
209	168759.0	508128.0	275623.0	186970.0	12570.0	0.0	0.0	13.0	19.0	2.0	72.0	3.0	0.0	0.0	6.3200000000000003	1.3487144496396064	20.0	9.0	109.0	1152050.0
210	1685627.0	1475152.0	443862.0	23738.0	0.0	0.0	0.0	36.0	38.0	7.0	2.0	0.0	0.0	0.0	8.0579999999999998	0.58225941357041056	13.0	5.0	83.0	3628379.0
211	556640.0	696209.0	79527.0	84514.0	0.0	0.0	0.0	24.0	33.0	10.0	10.0	0.0	0.0	0.0	5.3259999999999996	0.75259345836928904	23.0	10.0	77.0	1416890.0
212	462733.0	129628.0	44130.0	60432.0	7146.0	0.0	0.0	22.0	16.0	7.0	6.0	5.0	0.0	0.0	5.1509999999999998	0.89226677625024231	17.0	9.0	56.0	704069.0
213	5950729.0	1489671.0	187425.0	71023.0	0.0	0.0	0.0	98.0	60.0	14.0	39.0	0.0	0.0	0.0	11.381	2.0701716932433825	53.0	32.0	211.0	7698848.0
214	8589685.0	824483.0	47576.0	133988.0	4417.0	0.0	0.0	91.0	66.0	4.0	30.0	2.0	0.0	0.0	10.507	1.4151464610325106	38.0	16.0	193.0	9600149.0
215	1221916.0	1599036.0	202353.0	88663.0	8874.0	0.0	0.0	81.0	49.0	12.0	8.0	1.0	0.0	0.0	8.4710000000000001	2.8687494156646971	46.0	26.0	151.0	3120842.0
216	291111.0	332817.0	178437.0	19533.0	4459.0	0.0	0.0	15.0	28.0	7.0	6.0	1.0	0.0	0.0	4.5659999999999998	0.77854086375938547	19.0	12.0	57.0	826357.0
217	1841422.0	1790086.0	102451.0	66101.0	0.0	0.0	0.0	79.0	66.0	3.0	20.0	0.0	0.0	0.0	9.7479999999999993	1.4677533852796936	62.0	34.0	168.0	3800060.0
218	849744.0	1453731.0	160587.0	73828.0	0.0	0.0	0.0	67.0	71.0	11.0	44.0	0.0	0.0	0.0	11.834000000000001	1.0533278480869837	75.0	39.0	193.0	2537890.0
219	5279069.0	1480365.0	183320.0	147996.0	0.0	0.0	0.0	213.0	44.0	3.0	28.0	0.0	0.0	0.0	12.137	3.2120592717806593	40.0	22.0	288.0	7090750.0
220	385455.0	121865.0	38216.0	5738.0	0.0	0.0	0.0	9.0	10.0	8.0	2.0	0.0	0.0	0.0	4.1040000000000001	0.71241895358847585	8.0	4.0	29.0	551274.0
221	1225832.5	1091594.5	194622.0	97583.0	0.0	0.0	0.0	119.5	71.0	15.0	29.5	0.0	0.0	0.0	7.9129999999999994	1.4216126186482732	51.0	29.0	235.0	2609632.0
222	382120.0	1327650.5	55995.0	91518.5	0.0	0.0	0.0	100.5	80.5	4.0	36.5	0.0	0.0	0.0	10.7525	1.3446350747972482	79.5	41.0	221.5	1857284.0
223	208255.0	825844.0	105419.0	46367.0	16041.0	0.0	0.0	23.0	39.0	8.0	4.0	1.0	0.0	0.0	7.6669999999999998	1.6234693836060392	39.0	19.0	75.0	1201926.0
224	1050890.0	147706.0	46364.0	112583.0	0.0	0.0	0.0	48.0	10.0	7.0	2.0	0.0	0.0	0.0	4.7930000000000001	1.1010329605633584	15.0	8.0	67.0	1357543.0
226	2970701.0	1509511.0	183320.0	144054.0	0.0	0.0	0.0	204.0	47.0	3.0	31.0	0.0	0.0	0.0	11.177999999999999	3.8419441259168083	43.0	23.0	285.0	4807586.0
227	482556.0	840510.0	42530.0	82300.0	0.0	0.0	0.0	81.0	46.0	9.0	29.0	0.0	0.0	0.0	9.4559999999999995	1.3923076767247489	53.0	29.0	165.0	1447896.0
228	911859.0	1076623.0	55854.0	174965.0	0.0	0.0	0.0	108.0	50.0	7.0	72.0	0.0	0.0	0.0	12.457000000000001	6.7182096132945466	88.0	52.0	237.0	2219301.0
229	373341.0	488706.0	256082.0	17037.0	0.0	0.0	0.0	34.0	25.0	7.0	9.0	0.0	0.0	0.0	6.1929999999999996	1.4378510542893475	39.0	22.0	75.0	1135166.0
230	3865137.0	1022843.0	73472.0	99915.0	26947.0	0.0	0.0	154.0	72.0	49.0	21.0	30.0	0.0	0.0	8.120000000000001	1.2079590786953296	46.0	24.0	326.0	5088314.0
231	411633.0	1329643.0	115074.0	70591.0	0.0	0.0	0.0	68.0	81.0	10.0	50.0	0.0	0.0	0.0	12.552	4.7272598353613278	82.0	44.0	209.0	1926941.0
232	208276.0	139645.0	256082.0	5319.0	0.0	0.0	0.0	8.0	6.0	7.0	4.0	0.0	0.0	0.0	5.4210000000000003	0.8809589472084759	10.0	6.0	25.0	609322.0
233	482330.0	1306125.0	66746.0	83918.0	838.0	0.0	0.0	84.0	72.0	7.0	25.0	1.0	0.0	0.0	9.4900000000000002	2.0537958413690225	72.0	39.0	189.0	1939957.0
234	0.0	0.0	0.0	248.0	0.0	0.0	0.0	0.0	0.0	0.0	1.0	0.0	0.0	0.0	0.312	0.028871789811398606	1.0	1.0	1.0	248.0
235	313430.0	1160177.0	81598.0	52847.0	0.0	0.0	0.0	124.0	74.0	5.0	55.0	0.0	0.0	0.0	13.955	2.1132606950946915	144.0	102.0	258.0	1608052.0
236	1202983.0	267737.0	203963.0	58756.0	0.0	0.0	0.0	32.0	20.0	11.0	10.0	0.0	0.0	0.0	8.3570000000000011	2.5760686671317159	21.0	10.0	73.0	1733439.0
237	9283342.0	846461.0	147191.0	103436.0	0.0	0.0	0.0	113.0	30.0	9.0	8.0	0.0	0.0	0.0	4.8079999999999998	1.0157469063589499	34.0	12.0	160.0	10380430.0
238	233752.0	24471.0	317721.0	50679.0	8713.0	0.0	0.0	31.0	3.0	4.0	3.0	4.0	0.0	0.0	2.766	0.81137854038818968	5.0	3.0	45.0	635336.0
239	0.0	29.0	0.0	7239.0	0.0	0.0	0.0	0.0	1.0	0.0	3.0	0.0	0.0	0.0	0.30499999999999999	0.029369085955755297	1.0	1.0	4.0	7268.0
240	1072975.0	952287.0	91326.0	148617.0	0.0	0.0	0.0	81.0	69.0	11.0	35.0	0.0	0.0	0.0	11.131	1.9214935163391349	67.0	35.0	196.0	2265205.0
241	1196410.0	1037472.0	155037.0	51209.0	0.0	0.0	0.0	89.0	59.0	4.0	22.0	0.0	0.0	0.0	6.359	0.0	57.0	33.0	174.0	2440128.0
242	401959.0	1261955.0	81931.0	48521.0	0.0	0.0	0.0	141.0	73.0	6.0	54.0	0.0	0.0	1.0	13.863999999999999	2.0854680322604437	158.0	114.0	275.0	1794366.0
243	559001.0	139645.0	431416.0	15286.0	0.0	0.0	0.0	25.0	17.0	11.0	5.0	0.0	0.0	0.0	6.835	0.58495780416459187	19.0	10.0	58.0	1145348.0
244	4868669.0	1002455.5	140234.0	130880.0	0.0	0.0	0.0	67.0	63.0	8.5	42.5	0.0	0.0	0.0	15.848000000000001	1.2786909647500189	66.5	31.0	181.0	6142238.5
245	2094530.0	1352945.0	113786.0	146648.0	1944.0	181009.0	0.0	108.0	43.0	5.0	41.0	1.0	1.0	1.0	11.15	1.6544042753126698	75.0	42.0	200.0	3890862.0
246	805924.5	821274.5	43305.0	77596.0	0.0	0.0	0.0	73.0	42.5	9.0	26.0	0.0	0.0	0.0	8.4654999999999987	1.4616156086673402	44.0	23.0	150.5	1748100.0
247	981342.0	1253642.0	96130.0	239395.0	584.0	0.0	0.0	114.0	69.0	9.0	48.0	2.0	0.0	0.0	14.750999999999999	2.9583861883645568	96.0	51.0	242.0	2571093.0
248	620607.0	272388.0	51685.0	28691.0	0.0	0.0	0.0	20.0	16.0	3.0	11.0	0.0	0.0	0.0	4.141	0.58014327732226811	22.0	9.0	50.0	973371.0
249	1817642.0	297984.0	80463.0	57534.0	0.0	0.0	0.0	18.0	26.0	11.0	6.0	0.0	0.0	0.0	3.5819999999999999	0.33225592545506244	18.0	12.0	61.0	2253623.0
250	4038963.0	1485015.0	183320.0	149225.0	0.0	0.0	0.0	210.0	44.0	3.0	30.0	0.0	0.0	0.0	10.701000000000001	2.7233859236048219	41.0	23.0	287.0	5856523.0
251	967079.0	1748464.0	103256.0	71239.0	0.0	0.0	0.0	92.0	66.0	4.0	31.0	0.0	0.0	0.0	9.2870000000000008	1.0321006028101078	64.0	36.0	193.0	2890038.0
252	1294436.0	308508.0	29873.0	33328.0	3608.0	0.0	0.0	62.0	25.0	1.0	13.0	1.0	0.0	0.0	3.6799999999999997	0.56211777685973296	35.0	21.0	102.0	1669753.0
253	0.0	29.0	0.0	7236.0	0.0	0.0	0.0	0.0	1.0	0.0	3.0	0.0	0.0	0.0	0.30199999999999999	0.047218431220378138	1.0	1.0	4.0	7265.0
254	197948.0	381389.0	37884.0	49866.0	7200.0	0.0	0.0	29.0	27.0	36.0	5.0	1.0	0.0	0.0	4.3650000000000002	0.99822553675120052	21.0	13.0	98.0	674287.0
255	2091756.0	981041.0	141130.0	82040.0	6177.0	0.0	0.0	102.0	60.0	9.0	51.0	1.0	0.0	0.0	10.846	2.518801875672021	92.0	50.0	223.0	3302144.0
256	1371573.5	1446953.0	340864.0	47994.5	0.0	0.0	0.0	98.0	48.0	22.0	23.0	0.0	0.0	0.0	8.6750000000000007	1.1905332773068544	45.5	24.0	191.0	3207385.0
257	1052407.5	704221.0	61393.0	30387.5	0.0	0.0	0.0	58.5	18.5	3.0	7.0	0.0	0.0	0.0	10.282	1.2219099547429837	30.0	15.0	87.0	1848409.0
258	877696.0	1051475.0	261031.0	32229.0	3774.0	0.0	0.0	26.0	43.0	14.0	4.5	1.0	0.0	0.0	7.6299999999999999	1.3642299796955057	18.5	11.0	88.5	2226205.0
259	1003445.0	1741401.0	192792.0	135043.0	0.0	0.0	0.0	80.0	69.0	4.0	23.0	0.0	0.0	0.0	10.131	1.8028705506004088	63.0	37.0	176.0	3072681.0
260	1448.0	16022.0	0.0	1409.0	0.0	0.0	0.0	2.0	1.0	0.0	3.0	0.0	0.0	0.0	2.1879999999999997	0.8157558337192039	5.0	3.0	6.0	18879.0
261	1967867.0	591685.0	36836.0	104708.0	0.0	0.0	0.0	56.0	17.5	2.0	20.0	0.0	0.0	0.0	6.7789999999999999	1.9706535559301137	19.5	10.0	95.5	2701096.0
262	1694643.0	614654.0	58647.0	30638.0	0.0	0.0	0.0	43.0	41.0	9.0	14.0	0.0	0.0	0.0	5.7189999999999994	0.57877740449210457	36.0	17.0	107.0	2398582.0
263	477762.0	941972.0	147446.0	50806.0	0.0	0.0	0.0	67.0	76.0	20.0	27.0	0.0	0.0	0.0	9.1180000000000003	0.79185166649341288	65.0	36.0	190.0	1617986.0
264	1172575.0	1231916.0	176604.0	129392.0	0.0	0.0	0.0	119.0	46.0	2.0	29.0	0.0	0.0	0.0	9.7799999999999994	1.6855532849907799	52.0	31.0	196.0	2710487.0
265	498599.0	491370.0	96501.0	22748.0	0.0	0.0	0.0	32.0	9.0	6.0	4.0	0.0	0.0	0.0	3.726	0.61766509763747057	13.0	8.0	51.0	1109218.0
266	170513.0	1254662.0	81598.0	52665.0	0.0	0.0	0.0	103.0	69.0	5.0	52.0	0.0	0.0	0.0	12.73	1.1408916590885296	139.0	102.0	229.0	1559438.0
267	3322329.5	2104644.0	546110.0	314872.0	1333.0	0.0	0.0	164.0	94.0	10.0	64.0	1.0	0.0	0.0	16.801500000000001	2.6017368984754956	122.0	71.0	333.0	6289288.5
268	17251.0	1608917.0	543362.0	206969.0	5570.0	0.0	0.0	5.0	27.0	10.0	2.0	2.0	0.0	0.0	2.3489999999999998	0.5357639981637391	10.0	6.0	46.0	2382069.0
269	277719.0	1806063.0	305442.0	147833.0	0.0	0.0	0.0	60.0	46.0	6.0	15.0	0.0	0.0	0.0	6.6630000000000003	0.62974464744660963	48.0	26.0	127.0	2537057.0
270	3101585.0	1203739.0	178167.0	68479.0	182.0	0.0	0.0	214.0	52.0	22.0	51.0	1.0	0.0	0.0	10.892999999999999	0.0	51.0	26.0	340.0	4552152.0
271	2894786.0	2206919.0	105249.0	252575.0	25788.0	0.0	0.0	153.0	101.0	15.0	22.0	6.0	0.0	0.0	10.762	1.723417628141146	65.0	43.0	297.0	5485317.0
272	3072258.0	1326546.0	176180.0	200177.0	0.0	0.0	0.0	345.0	43.0	2.0	25.0	0.0	0.0	0.0	11.647	2.077396881308224	41.0	25.0	415.0	4775161.0
274	697037.5	870711.5	72464.0	268711.5	0.0	0.0	0.0	52.0	54.5	9.0	12.0	0.0	0.0	0.0	8.2684999999999995	2.041052669580087	51.5	31.0	127.5	1908924.5
275	21132855.0	1430171.0	206100.0	124942.0	929.0	0.0	-1.0	127.0	73.0	23.0	23.0	2.0	0.0	1.0	9.2460000000000004	1.9508354588878891	58.0	25.0	249.0	22894996.0
276	0.0	29.0	0.0	7234.0	0.0	0.0	0.0	0.0	1.0	0.0	3.0	0.0	0.0	0.0	0.311	0.034741727854569755	1.0	1.0	4.0	7263.0
277	905002.0	815978.0	95277.0	110195.0	1692.0	0.0	0.0	114.0	85.0	19.0	40.0	3.0	0.0	0.0	10.079000000000001	3.2122550442229523	69.0	38.0	261.0	1928144.0
278	12761362.0	1495127.5	183320.0	153267.5	0.0	0.0	0.0	228.0	47.5	3.0	29.5	0.0	0.0	0.0	11.7585	2.8371270569891647	49.0	28.0	308.0	14593077.0
279	755682.5	881450.0	108206.5	107208.5	0.0	0.0	0.0	97.5	51.0	13.5	39.0	0.0	0.0	0.0	9.5289999999999999	1.3767189652848542	70.0	46.0	201.0	1852547.5
280	458148.0	1350626.0	211887.0	196568.0	182.0	0.0	0.0	22.0	25.0	2.0	10.0	1.0	0.0	0.0	8.8320000000000007	1.3329995785982871	19.0	8.0	60.0	2217411.0
281	3276371.0	158791.0	386304.0	58876.0	0.0	0.0	0.0	199.0	5.0	18.0	4.0	0.0	0.0	0.0	5.4020000000000001	0.63975309666414115	20.0	11.0	226.0	3880342.0
282	1640918.0	900223.0	281337.0	157292.0	39820.0	0.0	0.0	28.0	28.0	13.0	11.0	4.0	0.0	0.0	6.5780000000000003	1.5350763281782873	29.0	17.0	84.0	3019590.0
283	1472860.0	837461.0	310688.0	112743.0	0.0	0.0	0.0	23.0	28.0	16.0	5.0	0.0	0.0	0.0	7.194	1.3820469342229522	26.0	14.0	72.0	2733752.0
284	0.0	29.0	0.0	7239.0	0.0	0.0	0.0	0.0	1.0	0.0	3.0	0.0	0.0	0.0	0.30399999999999999	0.048890909049171094	1.0	1.0	4.0	7268.0
285	0.0	29.0	0.0	7657.0	0.0	0.0	0.0	0.0	1.0	0.0	3.0	0.0	0.0	0.0	0.30199999999999999	0.061488933060258003	2.0	1.0	4.0	7686.0
287	561424.0	1487101.5	116886.0	79783.0	0.0	0.0	0.0	70.0	71.5	10.0	43.0	0.0	0.0	0.0	11.623999999999999	4.797402329321045	74.5	40.0	194.5	2245194.5
288	724185.0	1097245.0	121641.0	152656.0	664.0	0.0	0.0	193.0	131.0	32.0	82.0	1.0	0.0	0.0	13.853	5.5232027969107262	94.0	57.0	439.0	2096391.0
289	1327067.0	1106906.0	106684.0	118728.0	0.0	0.0	0.0	109.0	69.0	16.0	39.0	0.0	0.0	0.0	8.5699999999999985	2.4398274883359083	73.0	42.0	233.0	2659385.0
290	705336.0	87078.0	20453.0	13960.0	0.0	0.0	0.0	22.0	15.0	9.0	4.0	0.0	0.0	0.0	5.3129999999999997	4.3881542169913264	11.0	6.0	50.0	826827.0
291	3401882.0	722919.0	82287.0	46702.0	0.0	0.0	0.0	136.0	29.0	7.0	14.0	0.0	0.0	0.0	7.3410000000000002	1.3212451572028938	29.0	11.0	186.0	4253790.0
292	1022630.0	548118.0	85796.0	58907.0	8885.0	0.0	0.0	40.0	41.0	18.0	15.0	2.0	0.0	0.0	6.2290000000000001	0.91380802749325385	33.0	20.0	116.0	1724336.0
293	965458.0	1544064.0	140134.0	102790.0	0.0	0.0	0.0	106.0	57.0	3.0	25.0	0.0	0.0	0.0	18.908000000000001	2.5626788067697177	63.0	36.0	191.0	2752446.0
294	3667154.0	522292.0	74710.0	53239.0	892.0	0.0	0.0	58.0	44.0	2.0	35.0	2.0	0.0	0.0	7.1699999999999999	0.89585011698317352	36.0	22.0	141.0	4318287.0
295	954759.0	830271.0	96982.0	214821.0	0.0	0.0	0.0	71.5	44.0	14.0	23.0	0.0	0.0	0.0	9.2725000000000009	2.1288047666178782	40.5	21.0	152.5	2096833.0
296	840779.0	1062243.0	221520.0	83570.0	0.0	0.0	0.0	59.0	90.0	32.0	16.0	0.0	0.0	0.0	9.7530000000000001	1.852666973198434	46.0	28.0	197.0	2208112.0
297	845205.0	698090.0	16098.0	45044.0	0.0	0.0	0.0	19.0	27.0	6.0	20.0	0.0	0.0	0.0	8.6809999999999992	1.6136605995723654	23.0	10.0	72.0	1604437.0
298	5123383.0	1322063.0	176180.0	143165.0	0.0	0.0	0.0	239.0	43.0	2.0	29.0	0.0	0.0	0.0	11.664999999999999	3.3970553297790498	51.0	31.0	313.0	6764791.0
299	208234.0	139645.0	256082.0	5319.5	0.0	0.0	0.0	7.0	6.0	7.0	3.0	0.0	0.0	0.0	5.8895	4.9673621882619949	8.0	5.0	23.0	609280.5
300	1106876.0	2490421.0	207050.0	66536.0	3989.0	0.0	0.0	252.0	78.0	9.0	26.0	4.0	0.0	0.0	17.238	0.8901084547539645	62.0	29.0	369.0	3874872.0
301	768996.0	193982.0	16810.0	20322.0	0.0	0.0	0.0	43.0	18.0	6.0	11.0	0.0	0.0	0.0	6.0209999999999999	1.9043828072483773	28.0	15.0	78.0	1000110.0
302	1207229.0	1322594.0	102436.0	58117.0	0.0	0.0	0.0	77.0	62.0	3.0	21.0	0.0	0.0	0.0	7.5390000000000006	1.3019676087833323	61.0	37.0	163.0	2690376.0
303	479162.0	1329297.0	639560.0	273961.0	5832.0	0.0	0.0	101.0	73.0	19.0	18.0	2.0	0.0	0.0	13.15	4.494433693161155	51.0	35.0	213.0	2727812.0
304	1040252.0	705422.0	196292.0	127487.0	182.0	0.0	0.0	53.0	48.0	11.0	21.0	1.0	0.0	0.0	7.569	1.4575718556166326	19.0	7.0	134.0	2069635.0
305	1496261.0	763575.0	327625.0	70319.0	0.0	0.0	0.0	155.0	62.0	7.0	9.0	0.0	0.0	0.0	14.371	3.1030895357154407	38.0	21.0	233.0	2657780.0
306	3176515.0	1833123.0	64558.0	515946.0	119705.0	0.0	0.0	182.0	110.0	13.0	119.0	6.0	0.0	0.0	18.972999999999999	2.1723593420774359	142.0	75.0	430.0	5709847.0
307	2171400.0	498948.0	107350.0	23164.0	0.0	0.0	0.0	64.0	38.0	5.0	6.0	0.0	0.0	0.0	7.0620000000000003	1.0540099561457288	42.0	19.0	113.0	2800862.0
308	936510.0	1462602.0	114795.0	81981.0	0.0	0.0	0.0	79.0	65.0	8.0	46.0	0.0	0.0	0.0	11.118	1.3462398755307821	71.0	38.0	198.0	2595888.0
309	1025923.0	1345753.5	192792.0	113683.5	0.0	0.0	0.0	86.0	63.5	4.0	28.0	0.0	0.0	0.0	8.3145000000000007	1.0624149304179604	59.5	34.0	181.5	2678152.0
310	1291066.0	1304169.0	134176.0	100627.0	0.0	0.0	0.0	119.0	60.0	19.0	18.0	0.0	0.0	0.0	11.493	1.0884923855817217	45.0	19.0	216.0	2830038.0
311	1064159.0	1234710.0	243305.0	131521.0	0.0	0.0	0.0	40.0	63.0	19.0	13.0	0.0	0.0	0.0	6.8620000000000001	1.0028233599981728	44.0	20.0	135.0	2673695.0
312	269644.0	2695316.0	324874.0	149039.0	2778.0	0.0	0.0	132.0	101.0	7.0	67.0	1.0	0.0	0.0	14.377000000000001	2.4815457740230036	119.0	69.0	308.0	3441651.0
313	6477380.0	1497560.0	156703.0	375008.5	0.0	0.0	0.0	166.0	79.5	16.0	41.0	0.0	0.0	0.0	14.695	1.2418729240043038	71.5	41.0	302.5	8506651.5
314	4303165.0	944328.5	123906.0	29388.5	0.0	0.0	0.0	83.0	41.5	7.0	17.5	0.0	0.0	0.0	8.1735000000000007	0.6556698387908354	43.5	23.0	149.0	5400788.0
315	941111.0	220654.0	21863.0	46185.0	0.0	0.0	0.0	90.0	13.0	5.0	2.0	0.0	0.0	0.0	3.3380000000000001	6.6325302826762336	6.0	3.0	110.0	1229813.0
316	268977.0	72107.0	46517.0	33788.0	0.0	0.0	0.0	14.0	10.0	6.0	2.0	0.0	0.0	0.0	2.3410000000000002	0.70156688830462366	7.0	5.0	32.0	421389.0
317	176476.0	1446058.0	81764.5	46391.5	0.0	0.0	0.0	87.5	69.0	5.5	36.5	0.0	0.0	0.0	13.682500000000001	1.7729648015400643	99.5	61.0	198.5	1750690.0
318	1476659.0	1530277.0	337811.0	281284.0	0.0	0.0	0.0	108.0	82.0	15.0	54.0	0.0	0.0	0.0	19.189	2.0892182211320591	85.0	39.0	259.0	3626031.0
319	354707.0	383368.0	37132.0	50205.0	7200.0	0.0	0.0	36.0	28.0	34.0	6.0	1.0	0.0	0.0	5.0350000000000001	1.6492157133424972	22.0	14.0	105.0	832612.0
320	241849.5	1282343.0	45421.0	111781.0	0.0	0.0	0.0	93.5	76.5	3.0	51.0	0.0	0.0	0.0	16.2575	3.2498990537207448	82.5	47.0	224.0	1681394.5
321	852202.0	747693.0	59706.0	67081.0	0.0	0.0	0.0	46.0	22.0	3.0	9.0	0.0	0.0	0.0	3.532	0.80679477097285157	14.0	11.0	80.0	1726682.0
322	309911.0	712314.0	59047.0	104147.0	0.0	0.0	0.0	21.0	35.0	8.0	25.0	0.0	0.0	0.0	6.8410000000000002	1.1868661921314851	21.0	10.0	89.0	1185419.0
323	493956.0	463230.0	172637.0	33387.0	0.0	0.0	0.0	19.0	20.5	12.0	26.0	0.0	0.0	0.0	6.3194999999999997	1.0404999999999998	16.0	10.5	77.5	1163210.0
324	572145.0	1772649.0	315312.0	311115.0	0.0	0.0	0.0	57.0	69.0	24.0	17.0	0.0	0.0	0.0	8.8629999999999995	2.3544842060509157	50.0	24.0	167.0	2971221.0
325	217388.0	248883.0	48075.0	31094.0	0.0	0.0	0.0	6.0	8.0	1.0	6.0	0.0	0.0	0.0	4.2000000000000002	1.1116667277472358	17.0	10.0	21.0	545440.0
326	1200496.0	1067026.0	682985.0	88408.0	4781.0	0.0	0.0	29.0	30.0	33.0	5.0	1.0	0.0	0.0	6.8700000000000001	1.2878795664881779	20.0	11.0	98.0	3043696.0
328	632394.0	1216593.0	68997.0	100600.0	0.0	0.0	0.0	56.0	69.0	9.0	42.0	0.0	0.0	0.0	12.041	1.2384452618774346	76.0	33.0	176.0	2018584.0
329	208234.0	139645.0	256082.0	5553.0	0.0	0.0	0.0	7.0	6.0	7.0	5.0	0.0	0.0	0.0	5.3989999999999991	0.33050748856871626	10.0	7.0	25.0	609514.0
330	2606692.0	845903.0	43090.0	85861.5	0.0	0.0	0.0	82.0	48.0	9.0	37.5	0.0	0.0	0.0	9.6240000000000006	1.3887076326170631	57.0	31.0	176.5	3581546.5
331	214429.0	923987.0	105894.0	79296.0	0.0	0.0	0.0	17.0	14.0	3.0	7.0	0.0	0.0	0.0	6.1480000000000006	1.1411180677057235	11.0	4.0	41.0	1323606.0
332	100557.0	159926.0	17494.0	27652.0	0.0	0.0	0.0	8.0	5.0	3.0	1.0	0.0	0.0	0.0	0.72499999999999998	0.43774751728466588	2.0	2.0	17.0	305629.0
333	1257139.0	1270219.0	67400.0	78513.0	0.0	0.0	0.0	117.0	68.0	6.0	20.0	0.0	0.0	0.0	8.7970000000000006	4.4728388477592942	66.0	37.0	211.0	2673271.0
334	2810513.0	1079024.0	166579.0	73439.0	48279.0	0.0	0.0	40.0	24.0	6.0	12.0	5.0	0.0	0.0	7.2730000000000006	1.9687530740716741	32.0	13.0	87.0	4177834.0
335	810255.0	1049588.0	87555.0	107411.0	0.0	0.0	0.0	73.0	60.0	12.0	29.0	0.0	0.0	0.0	6.4009999999999998	0.737446662645451	55.0	36.0	174.0	2054809.0
336	959447.0	925284.0	79309.0	8156.0	1931.0	0.0	0.0	34.0	14.0	4.0	6.0	1.0	0.0	0.0	8.2619999999999987	1.7807099707700857	23.0	14.0	59.0	1974127.0
337	476958.0	965095.0	91677.0	295959.0	0.0	0.0	0.0	40.0	61.0	14.0	24.0	0.0	0.0	0.0	13.568000000000001	2.6254130257076804	46.0	20.0	139.0	1829689.0
338	3114029.0	277867.0	205406.0	25072.0	0.0	0.0	0.0	45.0	27.0	22.0	5.0	0.0	0.0	0.0	4.9470000000000001	0.52151860400276007	12.0	7.0	99.0	3622374.0
339	3093130.0	954580.0	72705.0	21943.0	0.0	0.0	0.0	18.0	23.0	7.0	11.0	0.0	0.0	0.0	5.9559999999999995	0.71494715336083803	13.0	11.0	59.0	4142358.0
340	2035648.0	1291111.0	144609.0	206948.0	0.0	0.0	0.0	106.0	81.0	15.0	30.0	0.0	0.0	0.0	10.346	0.62700542459307007	57.0	30.0	232.0	3678316.0
341	717956.0	373241.0	11607.0	20805.0	735.0	0.0	0.0	69.0	14.0	2.0	18.0	6.0	0.0	0.0	4.4889999999999999	0.83827600864313578	29.0	18.0	109.0	1124344.0
342	60043.0	373482.0	91836.0	18112.0	0.0	0.0	0.0	7.0	15.0	4.0	4.0	0.0	0.0	0.0	3.7079999999999997	0.64395134391763909	18.0	12.0	30.0	543473.0
343	0.0	29.0	0.0	7239.0	0.0	0.0	0.0	0.0	1.0	0.0	3.0	0.0	0.0	0.0	0.30299999999999999	0.041303155052416399	1.0	1.0	4.0	7268.0
344	861307.0	875051.0	22132.0	141644.0	1895.0	0.0	0.0	203.0	75.0	5.0	79.0	4.0	0.0	0.0	13.802999999999999	3.924330500422105	127.0	70.0	366.0	1902029.0
345	214605.0	1141035.0	81598.0	47720.0	0.0	0.0	0.0	101.0	67.0	5.0	42.0	0.0	0.0	0.0	13.172000000000001	1.3836785111514243	104.0	66.0	215.0	1484958.0
346	4395241.0	1317878.0	176180.0	142651.0	0.0	0.0	0.0	220.0	46.0	2.0	31.0	0.0	0.0	0.0	11.123999999999999	1.182943138589426	54.0	32.0	299.0	6031950.0
347	1356437.0	1355597.0	183320.0	129952.0	0.0	0.0	0.0	112.0	48.0	3.0	26.0	0.0	0.0	0.0	10.314	2.3865924569468406	51.0	29.0	189.0	3025306.0
348	3505381.0	366007.0	234624.0	38448.0	0.0	0.0	0.0	35.0	15.0	5.0	5.0	0.0	0.0	0.0	4.0919999999999996	1.1834751818998317	24.0	16.0	60.0	4144460.0
349	83833.0	105600.0	93121.0	16557.0	10279.0	0.0	0.0	9.0	4.0	5.0	3.0	4.0	0.0	0.0	3.6320000000000001	0.92433868251848039	5.0	4.0	25.0	309390.0
350	107080.0	352574.0	91905.0	19341.0	0.0	0.0	0.0	4.0	13.0	4.0	4.0	0.0	0.0	0.0	2.5429999999999997	0.39247149774628215	16.0	10.0	25.0	570900.0
351	2206820.0	1390977.0	176180.0	173800.0	0.0	0.0	0.0	210.0	48.0	2.0	32.0	0.0	0.0	0.0	11.238999999999999	2.413561688602833	56.0	32.0	292.0	3947777.0
352	1697016.5	1346340.5	243568.0	74592.0	0.0	0.0	0.0	58.5	43.0	8.0	14.0	0.0	0.0	0.0	6.9484999999999992	1.6926475517292427	29.0	10.0	123.5	3361517.0
353	718422.0	1055642.0	167371.0	187743.0	6342.0	0.0	0.0	74.0	40.0	14.0	30.0	6.0	0.0	0.0	10.474	1.8363344190983926	54.0	32.0	164.0	2135520.0
354	514655.0	1231128.0	81598.0	56767.0	0.0	0.0	0.0	111.0	75.0	5.0	43.0	0.0	0.0	0.0	12.710000000000001	2.7504856120403205	106.0	72.0	234.0	1884148.0
355	208276.0	139645.0	256082.0	5552.0	0.0	0.0	0.0	8.0	6.0	7.0	4.0	0.0	0.0	0.0	6.1319999999999997	1.6222712093060176	11.0	6.0	25.0	609555.0
356	397176.0	1648098.0	179852.5	41772.0	0.0	0.0	0.0	94.0	71.5	11.0	29.5	0.0	0.0	0.0	10.491	2.3899965186951633	87.0	46.0	206.0	2266898.5
357	2038268.0	462093.0	11256.0	56250.0	0.0	0.0	0.0	99.0	27.0	6.0	35.0	0.0	0.0	0.0	9.761000000000001	2.5587515088321138	26.0	11.0	167.0	2567867.0
358	7346367.0	991793.0	74710.0	55152.0	892.0	0.0	0.0	64.0	50.0	2.0	35.0	2.0	0.0	0.0	7.5670000000000002	0.58122223284266894	45.0	26.0	153.0	8468914.0
359	1153236.0	1568566.0	183713.0	134748.0	0.0	0.0	0.0	145.0	54.0	4.0	31.0	0.0	0.0	0.0	10.407999999999999	1.9666293467896592	61.0	34.0	234.0	3040263.0
360	5109928.0	1321137.0	176180.0	161232.5	0.0	0.0	0.0	304.5	44.5	2.0	31.0	0.0	0.0	0.0	11.958500000000001	2.1886999815815322	55.0	34.0	382.0	6768477.5
361	509600.0	1821012.0	246524.0	180958.0	182.0	0.0	0.0	91.0	68.0	8.0	77.0	1.0	0.0	0.0	13.563000000000001	2.5258315242487748	105.0	61.0	245.0	2758276.0
362	1478343.0	1303143.0	176180.0	130452.0	0.0	0.0	0.0	156.0	41.0	2.0	24.0	0.0	0.0	0.0	9.2029999999999994	1.9933233803789672	46.0	29.0	223.0	3088118.0
363	208234.0	139645.0	256082.0	4534.0	0.0	0.0	0.0	7.0	6.0	7.0	1.0	0.0	0.0	0.0	5.1369999999999996	0.0	7.0	5.0	21.0	608495.0
364	1804240.0	554973.0	156748.0	148001.0	0.0	0.0	0.0	73.0	40.0	12.0	32.0	0.0	0.0	0.0	9.1950000000000003	6.803245256838192	94.0	77.0	157.0	2663962.0
365	1097123.0	1267300.0	101838.0	40005.0	0.0	0.0	0.0	78.0	63.0	2.0	27.0	0.0	0.0	0.0	8.6180000000000003	1.5529539593948041	61.0	35.0	170.0	2506266.0
366	85938.0	640680.0	67881.0	55798.0	0.0	0.0	0.0	22.0	20.0	4.0	3.0	0.0	0.0	0.0	6.1059999999999999	0.95559138175733294	14.0	7.0	49.0	850297.0
367	646457.0	1106459.5	117958.0	160734.5	7796.0	0.0	0.0	68.0	56.5	8.0	33.5	6.0	0.0	0.0	8.6880000000000006	1.3794475739856877	58.5	30.5	172.0	2039405.0
368	572283.0	2266724.0	90574.0	107921.0	3519.0	0.0	0.0	63.0	64.0	8.0	19.0	4.0	0.0	0.0	7.3870000000000005	1.5130112318334989	47.0	21.0	158.0	3041021.0
369	0.0	29.0	0.0	7237.0	0.0	0.0	0.0	0.0	1.0	0.0	3.0	0.0	0.0	0.0	0.34499999999999997	0.04220876978678223	1.0	1.0	4.0	7266.0
370	1010548.0	725133.5	45369.0	66974.0	0.0	0.0	0.0	67.0	37.0	10.0	17.5	0.0	0.0	0.0	9.2104999999999997	0.77201909586162454	35.5	15.0	131.5	1848024.5
371	637634.0	1118452.0	125391.0	135673.0	0.0	0.0	1717075.0	65.0	60.0	10.0	32.0	0.0	0.0	1.0	10.130000000000001	1.2882307227596028	54.0	23.0	168.0	3734225.0
372	1446231.0	905673.0	176180.0	90007.0	0.0	0.0	0.0	105.0	12.0	2.0	9.0	0.0	0.0	0.0	5.7959999999999994	2.3536029118495474	17.0	10.0	128.0	2618091.0
373	958934.0	1309613.0	54700.0	49075.0	0.0	0.0	0.0	64.0	63.0	2.0	22.0	0.0	0.0	0.0	7.8870000000000005	1.0790308523146654	58.0	33.0	151.0	2372322.0
374	528820.0	277298.0	3496.0	32751.0	0.0	0.0	0.0	97.0	10.0	2.0	7.0	0.0	0.0	0.0	2.5209999999999999	0.67768895592864309	14.0	7.0	116.0	842365.0
375	1028901.0	1587358.0	135535.0	118222.0	402.0	0.0	0.0	89.0	73.0	12.0	47.0	1.0	0.0	0.0	13.933	2.1888046458690136	74.0	34.0	222.0	2870418.0
376	29879.0	129088.0	23963.0	12467.0	0.0	0.0	0.0	26.0	18.0	2.0	10.0	0.0	0.0	0.0	10.079000000000001	2.7447430156978672	30.0	17.0	56.0	195397.0
377	833949.0	1487860.0	32316.0	98836.5	0.0	0.0	0.0	87.5	77.0	6.0	46.5	0.0	0.0	0.0	12.342499999999999	1.3797170396044984	95.5	53.5	217.0	2452961.5
378	1053069.0	591687.0	30990.0	26966.0	0.0	0.0	0.0	69.0	48.0	11.0	41.0	0.0	0.0	0.0	8.673	1.2880360971860694	54.0	27.0	169.0	1702712.0
379	660043.0	318180.0	75031.0	17401.0	0.0	0.0	0.0	9.0	13.0	5.0	3.0	0.0	0.0	0.0	3.069	1.4348999965154365	13.0	8.0	30.0	1070655.0
380	1429558.0	1349704.0	181516.0	90495.0	0.0	0.0	0.0	81.0	71.0	17.0	26.0	0.0	0.0	0.0	9.1440000000000001	3.9890972523728836	60.0	37.0	195.0	3051273.0
381	2472074.0	1527121.0	133440.0	125312.0	0.0	0.0	0.0	129.0	72.0	17.0	20.0	0.0	0.0	0.0	11.334999999999999	4.1541154612391473	59.0	37.0	238.0	4257947.0
382	2475454.0	1183291.0	322741.0	132075.0	0.0	0.0	0.0	156.0	61.0	23.0	28.0	0.0	0.0	0.0	10.337999999999999	2.5583370804653471	60.0	29.0	268.0	4113561.0
383	208276.0	139645.0	256082.0	5566.0	0.0	0.0	0.0	8.0	6.0	7.0	6.0	0.0	0.0	0.0	7.9489999999999998	2.8345485672760864	12.0	6.0	27.0	609569.0
384	5053425.0	824665.0	227065.0	170918.0	0.0	0.0	0.0	41.0	34.0	19.0	9.0	0.0	0.0	0.0	5.2000000000000002	1.7564947276878067	21.0	12.0	103.0	6276073.0
385	208276.0	139645.0	256082.0	5622.0	0.0	0.0	0.0	8.0	6.0	7.0	4.0	0.0	0.0	0.0	6.5279999999999996	1.8625562349617961	10.0	6.0	25.0	609625.0
386	5265.0	536174.0	35401.0	49473.0	0.0	0.0	0.0	15.0	21.0	6.0	16.0	0.0	0.0	0.0	7.6059999999999999	1.1550066965761725	28.0	15.0	58.0	626313.0
387	0.0	29.0	0.0	7234.0	0.0	0.0	0.0	0.0	1.0	0.0	3.0	0.0	0.0	0.0	0.34699999999999998	0.088086797822473306	1.0	1.0	4.0	7263.0
388	2543915.0	842974.0	94158.0	154624.0	0.0	0.0	0.0	61.0	53.0	22.0	28.0	0.0	0.0	0.0	10.273	2.8046074437575474	35.0	13.0	164.0	3635671.0
389	208276.0	139645.0	256082.0	89634.0	0.0	0.0	0.0	8.0	6.0	7.0	8.0	0.0	0.0	0.0	8.298	3.1463895750565745	12.0	7.0	29.0	693637.0
390	848017.0	1299375.0	102453.0	54172.0	0.0	0.0	0.0	73.0	61.0	3.0	23.0	0.0	0.0	0.0	8.7029999999999994	2.8753788542652177	61.0	36.0	160.0	2304017.0
391	2920625.0	2212535.0	106361.0	255495.0	29229.0	0.0	0.0	171.0	104.0	16.0	27.0	6.0	0.0	0.0	12.405000000000001	2.3969301663215439	67.0	44.0	324.0	5524245.0
392	1462325.5	1926739.0	310930.0	52243.0	0.0	0.0	0.0	71.5	66.0	13.0	22.5	0.0	0.0	0.0	11.050999999999998	1.8990628239673906	53.0	28.0	173.0	3752237.5
393	1663841.0	1233341.0	382343.0	315912.0	0.0	0.0	0.0	74.0	30.0	13.0	25.0	0.0	0.0	0.0	11.459	2.5621480330398314	32.0	16.0	142.0	3595437.0
394	791520.5	911980.0	93508.0	63514.5	0.0	0.0	0.0	59.5	49.0	13.0	13.5	0.0	0.0	0.0	8.6065000000000005	2.5303710572759877	34.0	13.5	135.0	1860523.0
395	1057470.0	1639040.0	122782.0	82756.0	0.0	0.0	0.0	70.0	81.0	14.0	47.0	0.0	0.0	0.0	12.359999999999999	0.9188820502231082	66.0	35.0	212.0	2902048.0
396	1350318.0	838184.5	108690.5	79320.0	0.0	0.0	0.0	82.0	23.0	4.0	14.0	0.0	0.0	0.0	7.1025	1.4730941712938792	31.0	15.0	123.0	2376513.0
397	956110.0	1304664.0	101853.0	42413.0	0.0	0.0	0.0	72.0	62.0	2.0	20.0	0.0	0.0	0.0	8.9320000000000004	2.4330435900556964	63.0	37.0	156.0	2405040.0
398	211187.0	989359.5	16177.0	46212.5	1919.5	0.0	0.0	66.5	45.5	2.0	24.0	1.0	0.0	0.0	11.128499999999999	1.5263182365991042	57.0	36.5	139.0	1264855.5
399	136956.5	768955.0	81598.0	44528.0	0.0	0.0	0.0	81.5	54.0	5.0	40.5	0.0	0.0	0.0	10.727	2.6052579886644627	108.0	73.0	181.0	1032037.5
400	457758.0	1408359.0	116292.0	82407.0	0.0	0.0	0.0	92.0	65.0	9.0	48.0	0.0	0.0	0.0	12.019	2.0397401250595082	78.0	45.0	214.0	2064816.0
401	1277229.0	2668247.0	362569.0	116928.0	0.0	0.0	0.0	152.0	96.0	32.0	29.0	0.0	0.0	0.0	14.273	3.653984826338379	65.0	34.0	309.0	4424973.0
402	1409014.0	388281.0	42517.0	25807.0	8296.0	0.0	0.0	37.0	16.0	2.0	4.0	3.0	0.0	0.0	8.218	3.162739354139418	19.0	10.0	62.0	1873915.0
403	320675.5	939571.0	81598.0	43546.5	0.0	0.0	0.0	65.5	57.5	5.0	27.5	0.0	0.0	0.0	11.638	5.9616516587268	77.5	46.5	155.5	1385391.0
404	511185.0	1666159.0	477982.0	128221.0	0.0	0.0	0.0	45.0	56.0	27.0	10.0	0.0	0.0	0.0	11.317	2.1207056584533177	34.0	16.0	138.0	2783547.0
405	208276.0	139645.0	256082.0	5563.0	0.0	0.0	0.0	8.0	6.0	7.0	7.0	0.0	0.0	0.0	8.6379999999999999	5.7514521279627218	12.0	7.0	28.0	609566.0
406	982269.0	1215661.0	176180.0	117081.0	0.0	0.0	0.0	97.0	40.0	2.0	23.0	0.0	0.0	0.0	10.892999999999999	6.9829029267168412	37.0	20.0	162.0	2491191.0
407	282089.0	96672.0	20102.0	15748.0	0.0	0.0	0.0	9.0	15.0	7.0	4.0	0.0	0.0	0.0	3.4670000000000001	3.2613703815163495	8.0	5.0	35.0	414611.0
408	171828.0	1043250.0	81598.0	46632.0	0.0	0.0	0.0	106.0	71.0	5.0	46.0	0.0	0.0	0.0	12.619999999999999	2.5245146472305584	132.0	98.0	228.0	1343308.0
409	1263087.0	74355.0	41589.0	4742.0	0.0	0.0	0.0	22.0	2.0	2.0	3.0	0.0	0.0	0.0	3.722	6.104188661065165	9.0	6.0	29.0	1383773.0
410	2892645.0	1721913.0	46568.0	198604.0	26963.0	0.0	0.0	148.0	72.0	6.0	20.0	6.0	0.0	0.0	10.183999999999999	1.3739080265090979	67.0	44.0	252.0	4886693.0
411	873422.0	1302736.0	54683.0	52003.0	0.0	0.0	0.0	80.0	55.0	2.0	25.0	0.0	0.0	0.0	6.5910000000000002	1.0051905089005138	56.0	33.0	162.0	2282844.0
412	774363.0	922004.0	711.0	248442.0	0.0	0.0	0.0	154.0	82.0	2.0	64.0	0.0	0.0	0.0	9.4049999999999994	2.1464530685552399	108.0	59.0	302.0	1945520.0
413	195450.5	1207171.5	81598.0	59424.5	0.0	0.0	0.0	116.0	78.0	5.0	51.5	0.0	0.0	0.5	10.288	1.758529404549912	131.5	96.0	251.0	1543644.5
414	3814879.0	437178.0	20525.0	25803.0	0.0	0.0	0.0	99.0	16.0	9.0	3.0	0.0	0.0	0.0	4.3630000000000004	0.46290996171292453	13.0	5.0	127.0	4298385.0
415	1794699.0	897172.0	58302.0	144063.0	0.0	0.0	0.0	56.0	22.0	6.0	17.0	0.0	0.0	0.0	9.4730000000000008	1.6590478951396634	21.0	8.0	101.0	2894236.0
416	208276.0	139645.0	256082.0	5548.0	0.0	0.0	0.0	8.0	6.0	7.0	5.0	0.0	0.0	0.0	7.7050000000000001	3.2939390971161266	11.0	6.0	26.0	609551.0
417	1840932.0	509937.0	52707.0	53152.0	0.0	0.0	0.0	52.0	42.0	10.0	4.0	0.0	0.0	0.0	6.0380000000000003	1.6632196831103565	16.0	8.0	108.0	2456728.0
418	5034706.5	2932533.5	363389.5	94529.0	91.0	0.0	0.0	202.5	89.0	30.5	33.5	0.5	0.0	0.0	12.135999999999999	1.9432330502284079	71.0	35.0	356.0	8425249.5
419	208276.0	139645.0	256082.0	5558.0	0.0	0.0	0.0	8.0	6.0	7.0	7.0	0.0	0.0	0.0	6.3179999999999996	4.0091808873827457	12.0	7.0	28.0	609561.0
420	172992.5	1042505.5	81598.0	54125.0	0.0	0.0	0.0	142.5	75.0	5.0	58.0	0.0	0.0	0.0	13.975000000000001	1.0893492036532635	153.0	110.5	280.5	1351221.0
421	297645.0	608108.0	63404.0	82754.0	0.0	0.0	0.0	54.0	69.0	10.0	41.0	0.0	0.0	0.0	9.8229999999999986	1.2165250108570791	69.0	41.0	174.0	1051911.0
422	3962183.0	1772107.0	203648.0	119862.0	0.0	0.0	0.0	222.0	101.0	17.0	47.0	0.0	0.0	0.0	12.185	1.3856898672369895	92.0	52.0	387.0	6057800.0
423	732693.0	2137335.5	178283.0	84711.0	0.0	0.0	0.0	75.5	77.5	12.0	52.5	0.0	0.0	0.0	14.025	2.6525325634193448	78.0	41.0	217.5	3133022.5
424	749178.0	1014719.0	115297.0	66838.0	0.0	0.0	0.0	50.0	49.0	10.0	32.0	0.0	0.0	0.0	9.0340000000000007	2.3680708069943295	52.0	23.0	141.0	1946032.0
425	973535.0	489540.0	10976.0	41181.0	0.0	0.0	0.0	45.0	12.0	4.0	8.0	0.0	0.0	0.0	6.1230000000000002	3.5893158406695882	15.0	7.0	69.0	1515232.0
426	991122.0	518956.0	74710.0	54282.0	892.0	0.0	0.0	59.0	43.0	2.0	26.0	2.0	0.0	0.0	6.6340000000000003	1.0820118449689271	30.0	17.0	132.0	1639962.0
427	773889.0	1554256.0	102456.0	63785.0	0.0	0.0	0.0	101.0	71.0	3.0	29.0	0.0	0.0	0.0	10.402999999999999	5.1589017894770377	69.0	37.0	204.0	2494386.0
428	208276.0	139645.0	256082.0	5555.0	0.0	0.0	0.0	8.0	6.0	7.0	4.0	0.0	0.0	0.0	12.01	5.1671964213819912	11.0	6.0	25.0	609558.0
429	4253519.0	697115.0	78462.0	62578.0	0.0	0.0	0.0	126.0	30.0	2.0	11.0	0.0	0.0	0.0	7.6199999999999992	4.8097296160586653	40.0	24.0	169.0	5091674.0
430	294851.0	1393562.0	81598.0	47659.0	0.0	0.0	0.0	114.0	77.0	5.0	48.0	0.0	0.0	1.0	14.17	4.9178134002826903	143.0	105.0	245.0	1817670.0
431	877235.0	776545.0	53411.0	133570.0	18260.0	0.0	0.0	53.0	29.0	10.0	15.0	4.0	0.0	0.0	8.8559999999999999	1.6023907832430331	27.0	14.0	111.0	1859021.0
432	2736304.0	2265102.0	293891.0	291789.0	15783.0	0.0	0.0	144.0	99.0	25.0	57.0	2.0	0.0	0.0	16.129999999999999	2.9130574041717745	98.0	61.0	327.0	5602869.0
433	167890.0	1012880.0	81598.0	53360.0	0.0	0.0	0.0	97.0	65.0	5.0	40.0	0.0	0.0	0.0	12.401	2.0600575331771682	92.0	59.0	207.0	1315728.0
