	red_number_frac_x	red_time_frac_x	red_number_frac_y	red_time_frac_y	image_size	javascript_size	css_size	html_size	xml_size	audio_size	video_size	image_number	javascript_number	css_number	html_number	xml_number	audio_number	video_number	load_time	load_time_std	server_number	service_number	total_number	total_size	others_app_size	others_app_number	others_text_size	others_text_number
0	0.0289855072464	0.0566177394004	0.0289855072464	0.0566177394004	196305.5	333592.0	88035.0	29176.5	3768.0	0.0	0.0	35.5	17.0	4.0	6.0	2.0	0.0	0.0	8.431	1.30300675723	19.0	10.5	64.5	650877.0	369464.0	4.0	0.0	0.0
1	0.0400588182871	0.0286829856933	0.0400588182871	0.0286829856933	1028554.0	1254632.5	159407.0	96047.0	0.0	0.0	0.0	73.5	58.5	2.0	22.5	0.0	0.0	0.0	11.85	1.46707923589	54.5	30.0	156.5	2538640.5	673011.0	27.5	24811.0	15.5
2	0.00666637524043	0.000404019726227	0.00666637524043	0.000404019726227	867492.5	764593.5	90172.0	48882.5	74402.0	0.0	0.0	100.5	34.5	5.0	7.5	5.0	0.0	0.0	11.386	2.50065313656	22.5	8.0	152.5	1845542.5	694701.5	21.5	0.0	11.0
3	0.0551181102362	0.0445487066269	0.0551181102362	0.0445487066269	909603.0	623208.0	84028.0	150158.0	0.0	0.0	0.0	66.5	25.0	3.0	7.0	0.0	0.0	0.0	9.3155	1.31592253168	19.5	9.0	101.5	1766997.0	664687.5	17.0	0.0	0.0
4	0.345310779702	0.289438066834	0.345310779702	0.289438066834	1772234.5	755668.0	431945.0	66137.5	4842.0	0.0	0.0	45.5	60.0	7.0	7.0	1.0	0.0	0.0	10.66	2.626253891	24.0	17.0	120.5	3030827.0	370730.5	6.0	0.0	1.0
5	0.0833976833977	0.0413467506542	0.0833976833977	0.0413467506542	5406255.0	864189.0	375652.0	75701.0	1202.0	0.0	0.0	68.5	33.5	3.0	7.0	1.0	0.0	0.0	5.3315	1.73351322734	36.0	20.0	113.0	6722999.0	529773.5	21.0	0.0	0.0
6	0.0742857142857	0.115606367936	0.0742857142857	0.115606367936	99683.5	802868.5	34484.0	95089.5	378.0	0.0	0.0	13.0	92.0	5.0	11.0	1.0	0.0	0.0	13.587	3.77768594637	38.0	22.0	122.0	1032503.5	473489.5	20.0	917.0	10.0
7	0.0245102913394	0.0155336722379	0.0245102913394	0.0155336722379	262907.0	860992.0	43168.0	103157.0	1167.0	0.0	0.0	33.0	36.0	1.0	3.5	1.0	0.0	0.0	8.1765	1.39036559378	13.5	4.5	74.5	1271391.0	472253.5	13.0	0.0	0.0
8	0.0465367965368	0.00537797253124	0.0465367965368	0.00537797253124	106131.5	296536.0	0.0	166536.0	0.0	0.0	0.0	12.0	3.0	0.0	2.0	0.0	0.0	0.0	3.613	0.447827812892	8.0	3.0	17.0	569203.5	56629.5	2.5	0.0	0.0
9	0.193668831169	0.183713055843	0.193668831169	0.183713055843	14054.5	477452.0	6674.0	36306.0	0.0	0.0	0.0	24.0	38.0	1.0	12.0	0.0	0.0	0.0	13.2375	3.5250741127	41.0	23.5	75.0	534486.5	436105.0	8.0	25034.0	1.5
10	0.126853514891	0.132228129675	0.126853514891	0.132228129675	1222082.5	1351176.0	113466.0	53926.5	0.0	0.0	0.0	103.0	81.5	6.0	39.0	0.0	0.0	0.0	12.798	1.69428613286	73.5	37.5	229.5	2740651.0	383729.5	15.5	17940.5	10.0
11	0.0682309354739	0.0555739370329	0.0682309354739	0.0555739370329	2096453.5	314554.0	52376.0	99691.5	0.0	0.0	0.0	39.5	20.0	2.0	5.0	0.0	0.0	0.0	10.189	2.05941131986	24.5	15.0	66.5	2563075.0	521515.0	8.0	0.0	0.0
12	0.283130081301	0.204044579558	0.283130081301	0.204044579558	404968.5	1243028.5	57756.0	98302.0	34071.5	0.0	0.0	65.5	39.0	3.0	22.5	15.5	0.0	0.0	10.285	1.1754222579	48.0	29.0	145.5	1838126.5	426800.5	18.0	100826.0	4.0
13	0.0590866087555	0.130283733038	0.0590866087555	0.130283733038	384770.5	724278.5	39686.0	226687.0	0.0	0.0	0.0	49.5	48.0	4.0	29.5	0.0	0.0	0.0	10.2375	1.21908161514	45.0	21.5	131.0	1375422.0	369464.0	4.0	118290.0	7.0
14	0.0392194559262	0.0492967119247	0.0392194559262	0.0492967119247	1046090.5	1136568.0	146830.0	80309.0	21245.0	0.0	0.0	41.0	22.0	10.0	8.5	6.0	0.0	0.0	10.651	1.89956761116	25.5	13.0	87.5	2431042.5	370484.0	8.0	0.0	0.0
15	0.0630931128441	0.148749612808	0.0630931128441	0.148749612808	1400872.5	1542038.5	139165.0	126655.0	0.0	0.0	0.0	250.0	55.0	2.0	20.5	0.0	0.0	0.0	18.2265	3.15605580343	57.0	35.5	327.5	3208731.0	380041.0	10.0	156944.0	6.0
16	0.0245481927711	0.0014180270557	0.0245481927711	0.0014180270557	336757.5	829720.0	1139802.0	182646.5	0.0	0.0	0.0	24.0	17.0	4.0	5.0	0.0	0.0	0.0	10.4035	0.797685519174	17.0	8.0	50.0	2488926.0	382821.0	24.0	0.0	0.0
17	0.0797129065041	0.0380434104747	0.0797129065041	0.0380434104747	534077.0	1383362.5	21345.0	42866.0	0.0	0.0	0.0	60.0	62.0	4.0	28.5	0.0	0.0	0.0	10.312	4.16616113579	69.0	30.5	154.5	1981650.5	511966.0	24.0	125113.5	5.5
18	0.179487179487	0.182664786162	0.179487179487	0.182664786162	255287.0	490077.0	74999.0	16957.0	7005.0	0.0	0.0	12.0	48.0	3.0	6.0	2.0	0.0	0.0	10.779	0.92336741753	33.0	18.0	71.0	844325.0	401259.0	24.0	1286.0	1.0
19	0.136850202429	0.196325466193	0.136850202429	0.196325466193	1424611.0	1673113.5	48239.0	135344.0	28460.0	0.0	0.0	103.0	67.0	3.0	23.5	7.0	0.0	0.0	10.542	1.5422549148	67.5	42.0	203.5	3309767.5	517806.0	31.5	40987.0	7.0
20	0.104166666667	0.0895896151684	0.104166666667	0.0895896151684	178419.0	2127429.0	336382.0	92019.0	0.0	0.0	0.0	44.0	77.0	9.0	29.0	0.0	0.0	0.0	13.688	6.23240453155	67.0	35.0	159.0	2734249.0	382615.0	13.0	64088.0	5.0
21	0.219443732923	0.21871249835	0.219443732923	0.21871249835	519290.0	643017.0	1182.0	24262.0	0.0	0.0	0.0	54.5	83.5	1.0	43.0	0.0	0.0	0.0	9.556	1.52473364477	67.0	39.0	182.0	1187751.0	457994.5	23.0	792.0	6.0
22	0.0941647778188	0.0850362438043	0.0941647778188	0.0850362438043	2162384.5	1729385.5	134599.0	112428.5	0.0	0.0	0.0	106.0	80.0	12.0	46.5	0.0	0.0	0.0	12.506	2.93926678782	75.0	37.5	244.5	4138797.5	683820.5	24.0	201211.5	14.0
23	0.123106060606	0.0759043686395	0.123106060606	0.0759043686395	2954190.5	1567385.0	387613.0	158859.5	0.0	0.0	493261.0	103.5	91.0	8.0	18.0	0.0	0.0	4.0	11.6425	0.876440100634	92.0	53.0	224.5	5561309.0	413937.5	20.5	5638.5	2.0
24	0.263825519194	0.0360858380409	0.263825519194	0.0360858380409	888099.5	887967.5	74305.0	58262.0	0.0	0.0	0.0	87.0	41.0	6.0	59.5	0.0	0.0	0.0	12.138	0.576659754294	51.0	26.0	193.5	1908634.0	1134915.0	12.0	0.0	4.0
25	0.123624881163	0.21840931549	0.123624881163	0.21840931549	877304.0	1385797.5	87079.0	90188.0	254.5	0.0	0.0	74.0	66.0	5.0	34.5	0.5	0.0	0.5	11.5955	0.62769191399	69.5	41.5	180.5	2440623.0	638309.0	17.0	0.0	0.0
26	0.0414201183432	0.0711961529444	0.0414201183432	0.0711961529444	1066027.5	615862.5	30934.0	114100.0	0.0	0.0	0.0	96.5	39.5	3.0	15.5	0.0	0.0	0.0	7.992	0.941224924965	31.5	15.0	154.5	1826924.0	370537.0	8.0	425.5	2.0
27	0.132495879043	0.107717199979	0.132495879043	0.107717199979	652101.0	1671585.5	126715.0	147520.0	0.0	0.0	0.0	141.0	108.0	5.0	73.5	0.0	0.0	0.0	23.187	2.18049555362	118.0	65.0	327.5	2597921.5	474107.0	24.0	705596.5	23.0
28	0.0574175824176	0.0566937856541	0.0574175824176	0.0566937856541	75237.5	716771.0	55507.0	71510.5	4421.0	0.0	0.0	20.0	39.0	1.0	14.0	1.0	0.0	0.0	12.8435	1.3494991432	35.5	21.0	75.0	923447.0	654755.0	16.0	696.0	7.0
29	0.5	0.28149288451	0.5	0.28149288451	0.0	0.0	0.0	263.5	0.0	0.0	0.0	0.0	0.0	0.0	1.0	0.0	0.0	0.0	0.8355	0.593030867135	3.0	2.0	1.0	263.5	0.0	0.0	0.0	0.0
30	0.111649961554	0.0600557561242	0.111649961554	0.0600557561242	1901947.5	458129.0	51611.0	161141.5	3436.0	0.0	0.0	156.0	41.0	5.0	36.5	1.0	0.0	0.0	8.756	1.39849970951	65.0	33.5	239.5	2576265.0	465565.0	8.0	0.0	1.0
31	0.0505102040816	0.0657984729188	0.0505102040816	0.0657984729188	406988.0	869990.5	68952.0	47981.0	5569.0	0.0	0.0	28.0	40.0	1.0	8.5	1.0	0.0	0.0	6.4085	1.51928270493	33.0	19.0	78.5	1399480.5	443602.0	10.0	0.0	3.0
32	0.131034482759	0.0271568726611	0.131034482759	0.0271568726611	346443.0	1362429.0	227567.0	322833.0	0.0	0.0	0.0	34.0	81.0	6.0	16.0	0.0	0.0	0.0	10.886	3.04256569362	75.0	40.0	137.0	2259272.0	675847.0	23.0	0.0	0.0
33	0.0439536878216	0.0410405006115	0.0439536878216	0.0410405006115	801680.0	1073325.0	47193.0	69314.0	0.0	0.0	0.0	113.0	65.0	3.0	16.5	0.0	0.0	0.0	9.8035	0.95745012109	55.0	30.0	197.5	1991512.0	471056.5	11.0	7011.0	1.0
34	0.0451991828396	0.0659152246001	0.0451991828396	0.0659152246001	875271.5	723939.5	65012.0	20745.0	0.0	0.0	0.0	27.5	29.5	2.0	7.0	0.0	0.0	0.0	6.3295	0.891025637959	32.0	15.0	66.0	1684968.0	486488.0	17.0	0.0	0.0
35	0.104957160343	0.19503158968	0.104957160343	0.19503158968	3485092.0	1775882.0	305487.0	440491.5	10753.0	0.0	0.0	56.5	54.0	5.0	20.5	1.0	0.0	0.0	11.2835	1.20308416164	61.0	30.5	137.0	6017705.5	934249.5	11.5	23929.5	9.0
36	0.0392156862745	0.028447522146	0.0392156862745	0.028447522146	452859.5	530554.0	21044.0	31388.0	0.0	0.0	0.0	23.0	14.0	9.0	3.0	0.0	0.0	0.0	1.9355	0.327606089687	4.0	3.0	49.0	1035845.5	0.0	0.0	0.0	0.0
37	0.0304222093696	0.0442956749008	0.0304222093696	0.0442956749008	402286.0	798247.5	88671.0	33096.0	908.0	0.0	0.0	44.0	50.0	21.0	5.0	1.0	0.0	0.0	8.4465	0.99332823597	34.0	16.0	121.0	1323208.5	409355.0	7.0	0.0	1.0
38	0.0558139534884	0.0221611406975	0.0558139534884	0.0221611406975	1229877.0	1588980.0	85365.0	152623.0	26865.0	0.0	0.0	98.0	54.0	3.0	16.0	6.0	0.0	0.0	8.692	2.43807452465	45.0	26.0	177.0	3083710.0	581441.0	29.0	40987.0	6.0
39	0.00564971751412	0.00094462666511	0.00564971751412	0.00094462666511	4605014.0	286643.5	88361.0	9413.0	12292.0	0.0	0.0	158.0	7.0	3.0	1.0	7.0	0.0	0.0	4.153	0.289617608883	13.0	6.0	176.0	5001723.5	369464.0	4.0	0.0	0.0
40	0.0434782608696	0.00722922042078	0.0434782608696	0.00722922042078	590249.0	584626.5	34188.0	88836.5	0.0	0.0	0.0	46.0	24.0	1.0	42.0	0.0	0.0	0.0	4.407	0.371750567417	35.0	16.5	113.0	1297900.0	213886.5	4.0	6859.0	7.0
41	0.110738255034	0.073391769425	0.110738255034	0.073391769425	5200107.0	2484755.0	109131.0	989256.0	1393.0	0.0	0.0	60.0	133.0	11.0	27.0	1.0	0.0	0.0	13.641	1.75925036215	99.0	60.0	232.0	8784642.0	676178.0	28.0	0.0	1.0
42	0.280425531915	0.171758872474	0.280425531915	0.171758872474	2765330.0	1117144.5	18955.0	242088.0	11506.0	0.0	0.0	77.5	53.5	2.0	22.5	4.0	0.0	0.0	9.334	1.55752126791	55.0	30.0	159.5	4155023.5	1019263.5	33.0	0.0	0.0
43	0.243474894935	0.185528637468	0.243474894935	0.185528637468	161814.0	1660482.5	15778.0	155814.5	5466.0	0.0	0.0	86.0	78.0	5.0	37.0	1.0	0.0	0.0	12.6795	1.10160792027	99.0	56.0	207.0	1999355.0	642378.0	15.0	1.0	4.0
44	0.333333333333	0.0309317386536	0.333333333333	0.0309317386536	0.0	0.0	0.0	1084.0	0.0	0.0	0.0	0.0	0.0	0.0	2.0	0.0	0.0	0.0	0.657	0.568724502725	3.0	2.0	2.0	1084.0	0.0	0.0	0.0	0.0
45	0.0505669737775	0.0205332666414	0.0505669737775	0.0205332666414	1208017.0	924298.5	171514.0	136619.0	0.0	0.0	0.0	70.0	53.0	9.0	12.0	0.0	0.0	0.0	9.266	1.78082788612	63.0	31.5	144.0	2440448.5	439679.5	12.0	0.0	0.0
46	0.11066468254	0.112213872434	0.11066468254	0.112213872434	389128.5	1419351.0	45865.0	119917.5	0.0	0.0	0.0	95.0	80.5	4.0	50.0	0.0	0.0	0.0	18.5835	4.63462359313	94.5	57.0	229.5	1974262.0	444778.5	15.0	405896.5	13.5
47	0.0243938717834	0.0200231205792	0.0243938717834	0.0200231205792	222467.0	446238.0	56369.0	75998.5	0.0	0.0	0.0	40.5	19.5	5.0	4.0	0.0	0.0	0.0	8.355	2.34649002555	9.5	4.0	69.0	801072.5	393257.0	7.0	1.0	0.5
48	0.0540935672515	0.0679740741497	0.0540935672515	0.0679740741497	43787.0	0.0	4966.0	7556.0	0.0	0.0	0.0	13.0	0.0	2.0	1.0	0.0	0.0	0.0	1.998	0.608364364505	2.0	2.0	16.0	56309.0	0.0	0.0	0.0	0.0
49	0.0552563450603	0.167811442693	0.0552563450603	0.167811442693	3587245.5	661880.5	71114.0	467527.5	0.0	0.0	0.0	109.5	42.0	8.0	10.5	0.0	0.0	0.0	10.859	2.44745806093	49.5	24.5	170.0	4787767.5	383411.0	13.5	319.5	2.0
50	0.15175908054	0.101436425565	0.15175908054	0.101436425565	1652268.0	1264130.0	18504.0	45888.5	40738.0	0.0	0.0	41.0	39.0	1.0	24.5	2.0	0.0	0.0	9.7005	1.38115457498	65.5	40.0	107.5	3021528.5	722249.5	24.0	0.0	4.5
51	0.258620689655	0.114762472331	0.258620689655	0.114762472331	45304.0	591209.0	26059.0	104762.0	7680.0	0.0	0.0	45.0	32.0	1.0	35.0	1.0	0.0	0.0	7.28	0.918957635478	52.0	30.0	114.0	775014.0	389032.0	14.0	0.0	1.0
52	0.0816326530612	0.0674350443843	0.0816326530612	0.0674350443843	6764403.0	136461.0	14246.0	38236.5	11128.0	0.0	0.0	18.0	12.0	1.0	6.0	2.0	0.0	0.0	5.832	1.8485303595	9.0	5.0	39.0	6964474.5	525276.0	9.0	0.0	0.0
53	0.0366087028871	0.0315326719499	0.0366087028871	0.0315326719499	138083.0	975732.5	88531.0	63941.0	0.0	0.0	0.0	15.0	49.0	2.0	8.5	0.0	0.0	0.0	6.2245	1.43675598485	33.0	16.0	74.5	1266287.5	526532.0	20.0	0.0	0.0
54	0.221142874079	0.251604027489	0.221142874079	0.251604027489	1164429.0	701997.0	133927.5	102629.5	8637.0	0.0	0.0	129.0	38.5	4.0	48.0	2.0	0.0	0.0	9.905	1.97799258088	67.5	35.5	221.5	2111620.0	465032.5	15.0	0.0	1.0
55	0.130351038318	0.16620896717	0.130351038318	0.16620896717	7095929.0	935555.0	111703.0	70766.0	0.0	0.0	0.0	111.0	90.0	15.0	18.0	0.0	0.0	0.0	10.2335	2.97760485794	66.5	37.0	234.0	8213953.0	524968.0	14.0	0.0	0.0
56	0.0555555555556	0.101763170391	0.0555555555556	0.101763170391	831.0	81919.0	35314.0	31549.5	0.0	0.0	0.0	2.0	5.0	2.0	2.0	0.0	0.0	0.0	2.11	0.317156806643	7.0	5.0	11.0	149613.5	0.0	0.0	0.0	0.0
57	0.0538127413127	0.00701172457942	0.0538127413127	0.00701172457942	594103.0	1083886.0	40232.0	23157.0	0.0	0.0	0.0	32.0	29.0	2.0	6.0	0.0	0.0	0.0	5.908	2.34152472547	37.0	23.5	69.0	1741378.0	498851.0	33.5	0.0	0.0
58	0.148680762512	0.141540954957	0.148680762512	0.141540954957	454831.5	1395632.0	66835.0	81476.5	0.0	0.0	0.0	107.5	77.0	7.0	28.0	0.0	0.0	0.0	9.7535	1.89289387183	73.0	39.0	219.5	1998775.0	748007.0	33.5	2.0	1.0
59	0.0536936936937	0.0383749673269	0.0536936936937	0.0383749673269	244780.0	717815.0	53881.0	157576.0	0.0	0.0	0.0	27.0	25.5	5.0	12.5	0.0	0.0	0.0	8.479	1.08535791332	23.5	10.0	70.0	1174052.0	369464.0	4.0	0.0	0.0
60	0.0544755329457	0.173005954588	0.0544755329457	0.173005954588	1447922.0	657350.0	99433.0	78144.0	0.0	0.0	0.0	37.0	48.0	9.0	9.0	0.0	0.0	0.0	6.0065	2.91997849992	29.0	17.0	103.0	2282849.0	689363.5	19.0	26.0	3.0
61	0.0465126341295	0.0111720366918	0.0465126341295	0.0111720366918	762437.5	427420.5	10974.0	78830.0	0.0	0.0	0.0	53.0	30.0	5.0	4.0	0.0	0.0	0.0	7.3995	2.6738480529	22.0	15.0	92.0	1279662.0	437129.0	8.0	693.0	2.0
62	0.025	0.012888513843	0.025	0.012888513843	439869.0	506532.0	213746.0	39188.5	0.0	0.0	0.0	23.0	22.0	12.0	5.0	0.0	0.0	0.0	10.3655	1.60965930867	24.0	12.0	62.0	1199335.5	466957.5	9.0	0.0	0.0
63	0.182926829268	0.287403778866	0.182926829268	0.287403778866	1459109.0	584503.0	1217.0	38340.0	3667.0	0.0	0.0	67.0	39.0	1.0	14.0	2.0	0.0	0.0	7.708	1.99958028929	57.0	32.0	123.0	2086836.0	376392.0	13.0	99884.0	5.0
64	0.22910358087	0.296390896783	0.22910358087	0.296390896783	679401.5	901820.5	58819.0	190443.5	5200.0	0.0	0.0	145.0	61.5	6.0	65.0	1.0	0.0	0.0	13.8945	5.55091639816	112.0	63.5	278.5	1835684.5	417285.5	13.0	9726.0	11.0
65	0.370904325033	0.392477851219	0.370904325033	0.392477851219	215940.5	544502.5	55698.0	65521.5	0.0	0.0	0.0	45.5	44.0	1.0	35.5	0.0	0.0	0.0	10.6085	1.22860935106	59.0	29.0	126.0	881662.5	639673.5	42.0	0.0	0.0
66	0.0155440414508	0.08313594084	0.0155440414508	0.08313594084	2517482.0	640400.0	58105.0	77881.0	0.0	0.0	0.0	135.0	29.0	7.0	5.0	0.0	0.0	0.0	7.059	6.78791982536	24.0	10.0	176.0	3293868.0	371862.0	6.0	58.0	1.0
67	0.295620437956	0.24901732824	0.295620437956	0.24901732824	431680.0	898572.0	48320.0	127280.0	0.0	0.0	0.0	95.0	55.0	5.0	57.0	0.0	0.0	0.0	10.517	2.74485146779	59.0	34.0	212.0	1505852.0	372452.0	9.0	1389.0	3.0
68	0.142570787777	0.125165567372	0.142570787777	0.125165567372	995669.5	1128015.5	234561.0	85080.0	11857.0	0.0	0.0	64.0	59.5	5.0	24.5	4.0	0.0	0.0	12.841	3.5061853117	65.0	36.5	157.0	2455183.0	386169.5	19.0	99483.5	4.0
69	0.150442477876	0.0758986398964	0.150442477876	0.0758986398964	406787.0	1654429.0	128081.0	78281.0	0.0	0.0	0.0	52.0	68.0	10.0	27.0	0.0	0.0	0.0	11.641	2.03841431352	70.0	39.0	157.0	2267578.0	392237.0	12.0	0.0	0.0
70	0.0289915966387	0.004156645732	0.0289915966387	0.004156645732	122139.0	93556.0	60213.0	11826.0	0.0	0.0	0.0	5.0	4.0	2.0	1.0	0.0	0.0	0.0	2.293	4.23084225775	3.5	2.5	12.0	287734.0	51307.0	20.0	0.0	0.0
71	0.150819672131	0.103278337262	0.150819672131	0.103278337262	881461.0	1738349.0	108466.0	94390.0	0.0	0.0	0.0	119.0	79.0	6.0	24.0	0.0	0.0	0.0	9.167	2.093801369	76.0	41.0	228.0	2822666.0	768275.0	38.0	2.0	1.0
72	0.0379155435759	0.0415162689686	0.0379155435759	0.0415162689686	2420788.0	159045.0	45372.5	43624.5	0.0	0.0	0.0	76.0	7.0	7.0	6.0	0.0	0.0	0.0	2.966	4.67191859518	12.0	9.0	96.0	2668830.0	5134.0	2.0	0.0	0.0
73	0.218649517685	0.181342273984	0.218649517685	0.181342273984	401998.0	1434773.0	146782.0	123683.0	0.0	0.0	0.0	158.0	77.0	4.0	58.0	0.0	0.0	0.0	11.914	1.27618988293	99.0	53.0	297.0	2107236.0	386127.0	17.0	17256.0	2.0
74	0.0925820871815	0.137656194661	0.0925820871815	0.137656194661	2518089.5	1495682.5	186860.0	135845.5	0.0	0.0	0.0	216.0	44.5	2.5	26.5	0.0	0.0	0.0	9.762	2.7056665371	44.5	24.0	289.5	4336477.5	448331.0	10.5	156944.0	6.0
75	0.0449660633484	0.0725517914898	0.0449660633484	0.0725517914898	391801.0	270354.0	60494.0	54499.0	1351.0	0.0	0.0	77.5	28.0	4.0	13.5	1.0	0.0	0.0	7.909	6.3073563202	29.0	12.0	124.0	778499.0	448316.5	7.0	0.0	0.0
76	0.152671755725	0.111507087986	0.152671755725	0.111507087986	2163963.0	755599.0	65593.0	47880.0	24557.0	0.0	0.0	108.0	59.0	2.0	10.0	22.0	0.0	0.0	7.506	0.545718690251	54.0	29.0	201.0	3057592.0	748619.0	47.0	26.0	2.0
77	0.0669871794872	0.076994400419	0.0669871794872	0.076994400419	538167.0	442853.5	26809.0	121186.0	0.0	0.0	0.0	46.5	25.0	1.0	5.0	0.0	0.0	0.0	6.617	3.11222179319	36.0	16.0	77.5	1129015.5	369981.0	7.0	0.0	0.0
78	0.045871559633	0.0828287192057	0.045871559633	0.0828287192057	276284.0	1629769.5	197716.0	88257.0	0.0	0.0	0.0	27.0	45.5	2.0	6.0	0.0	0.0	0.0	10.8145	5.71843542326	31.5	20.0	80.5	2192026.5	374940.5	13.0	0.0	1.0
79	0.165540540541	0.183984686553	0.165540540541	0.183984686553	1002035.0	1277282.0	66321.0	81699.0	0.0	0.0	0.0	122.0	70.0	6.0	25.0	0.0	0.0	0.0	9.184	1.47833570086	69.0	39.0	223.0	2427337.0	770794.0	37.0	2.0	1.0
80	0.12389380531	0.132534827949	0.12389380531	0.132534827949	2875324.0	1564468.0	20469.0	126222.0	3061.0	0.0	0.0	156.0	66.0	1.0	43.0	3.0	0.0	0.0	12.225	1.38162034055	79.0	44.0	269.0	4589544.0	640270.0	17.0	1961.0	5.0
81	0.116964285714	0.0858985599959	0.116964285714	0.0858985599959	208276.0	139645.0	256082.0	5783.0	0.0	0.0	0.0	8.0	6.0	7.0	6.0	0.0	0.0	0.0	9.249	4.24347959109	12.0	7.0	27.0	609786.0	424684.0	6.0	0.0	0.0
82	0.0754985754986	0.0184657606647	0.0754985754986	0.0184657606647	12717.0	228181.0	65479.0	24881.0	2342.0	0.0	0.0	7.0	3.0	3.0	3.0	1.0	0.0	0.0	3.047	1.99271203138	6.5	4.5	17.0	333600.0	34937.0	4.5	0.0	0.0
83	0.0840336134454	0.0788147550897	0.0840336134454	0.0788147550897	1138809.0	902339.0	130693.0	92143.0	571.0	0.0	0.0	28.0	45.0	4.0	12.0	1.0	0.0	0.0	7.479	1.02708080873	38.0	20.0	90.0	2264555.0	376124.0	13.0	4608.0	1.0
84	0.180194805195	0.27837560068	0.180194805195	0.27837560068	216509.5	379014.5	336592.0	8553.0	0.0	0.0	0.0	9.5	19.0	10.0	4.0	0.0	0.0	0.0	8.2695	1.31065733127	21.0	13.5	42.5	940669.0	534744.0	6.0	0.0	0.0
85	0.0702479338843	0.028318966682	0.0702479338843	0.028318966682	1974768.0	1471975.0	112734.0	45531.0	4975.0	0.0	0.0	98.0	78.0	9.0	24.0	2.0	0.0	0.0	11.02	1.48005083329	66.0	33.0	211.0	3609983.0	371248.0	7.0	0.0	1.0
86	0.147058823529	0.227615169182	0.147058823529	0.227615169182	208255.0	139645.0	256082.0	5631.5	0.0	0.0	0.0	7.5	6.0	7.0	6.0	0.0	0.0	0.0	5.808	4.75804317866	9.5	6.0	26.5	609613.5	424684.0	5.0	0.0	0.0
87	0.0927835051546	0.0668040528937	0.0927835051546	0.0668040528937	1021460.0	1306699.0	101849.0	50472.0	0.0	0.0	0.0	83.0	63.0	2.0	28.0	0.0	0.0	0.0	8.71	1.42616679543	63.0	35.0	176.0	2480480.0	600512.0	26.0	505.0	5.0
88	0.203703703704	0.186543110395	0.203703703704	0.186543110395	923094.0	1374829.0	172257.0	148812.0	1692.0	0.0	0.0	116.0	85.0	8.0	44.0	2.0	0.0	0.0	13.24	4.14685305345	95.0	64.0	255.0	2620684.0	556637.0	12.0	0.0	3.0
89	0.255319148936	0.209797951841	0.255319148936	0.209797951841	955381.0	590874.0	66888.0	51829.0	3508.0	0.0	0.0	66.0	36.0	6.0	30.0	1.0	0.0	0.0	5.406	0.835378660353	72.0	37.0	139.0	1668480.0	455221.0	12.0	0.0	1.0
90	0.0846560846561	0.0872992177703	0.0846560846561	0.0872992177703	1375605.0	1103189.0	106303.0	73099.0	0.0	0.0	0.0	68.0	53.0	19.0	29.0	0.0	0.0	0.0	9.009	1.53755345185	44.0	17.0	169.0	2658196.0	442020.0	9.0	0.0	0.0
91	0.12380952381	0.222166915547	0.12380952381	0.222166915547	786830.0	1522180.0	96315.0	464427.0	1521.0	0.0	0.0	79.0	111.0	23.0	32.0	2.0	0.0	0.0	10.639	1.09511389565	97.0	53.0	247.0	2871273.0	567463.0	15.0	0.0	3.0
92	0.0823529411765	0.0794874197629	0.0823529411765	0.0794874197629	1841909.0	654763.0	44861.0	191874.0	64755.0	0.0	0.0	98.0	74.0	21.0	30.0	17.0	0.0	0.0	9.142	0.901800014031	53.0	28.0	240.0	2798162.0	535067.0	20.0	0.0	0.0
93	0.09375	0.0863531800213	0.09375	0.0863531800213	3869568.5	1379127.0	183320.0	150177.5	0.0	0.0	0.0	230.0	43.0	3.0	26.0	0.0	0.0	0.0	11.2205	3.29801047451	42.0	23.0	302.0	5582193.0	386902.0	6.5	156944.0	6.0
94	0.0682601807846	0.0439531808636	0.0682601807846	0.0439531808636	1616936.0	889083.0	616816.0	180222.5	11625.5	0.0	0.0	141.5	62.5	20.0	22.0	5.5	0.0	0.0	13.1565	4.43884659005	48.0	30.0	251.5	3314683.0	401663.5	13.5	1406.0	1.0
95	0.187386980108	0.118048553238	0.187386980108	0.118048553238	260727.0	971714.5	82795.0	71262.5	0.0	0.0	0.0	36.5	61.0	6.0	18.0	0.0	0.0	0.0	10.548	0.883153189178	63.5	35.0	121.5	1386499.0	371176.0	11.0	58.0	2.0
96	0.0971428571429	0.0493031898421	0.0971428571429	0.0493031898421	3599635.0	404903.0	49661.0	158639.0	1174577.0	0.0	0.0	94.0	32.0	2.0	10.0	7.0	0.0	0.0	7.773	0.974816462624	44.0	25.0	145.0	5387415.0	894584.0	20.0	207.0	3.0
97	0.0954456733897	0.100060428295	0.0954456733897	0.100060428295	631385.0	984797.5	154958.0	61691.5	15825.0	0.0	0.0	55.0	59.5	7.0	10.0	4.0	0.0	0.0	9.449	3.04701490643	42.0	26.0	135.5	1848657.0	371732.5	7.0	1150.0	1.0
98	0.04	0.00172066532393	0.04	0.00172066532393	250165.0	1299196.0	383765.0	96627.0	15672.0	0.0	0.0	31.0	45.0	6.0	16.0	3.0	0.0	0.0	12.682	1.61963787295	45.0	16.0	101.0	2045425.0	540632.0	18.0	80.0	2.0
99	0.206388206388	0.220908982559	0.206388206388	0.220908982559	457025.0	1307237.0	123635.0	97970.0	0.0	0.0	0.0	98.0	84.0	14.0	54.0	0.0	0.0	0.0	13.106	1.09295228229	91.0	50.0	250.0	1985867.0	488131.0	28.0	0.0	2.0
100	0.0352941176471	0.00117104067789	0.0352941176471	0.00117104067789	870385.5	694731.0	20261.0	55048.5	0.0	0.0	0.0	38.5	21.5	1.0	5.5	0.0	0.0	0.0	8.5355	0.911430469098	23.0	12.0	66.5	1640426.0	923183.0	14.0	0.0	0.0
101	0.0579710144928	0.0862758740651	0.0579710144928	0.0862758740651	1043281.0	1114544.0	76939.0	119266.0	182.0	304050.0	571430.0	64.0	41.0	3.0	23.0	1.0	3.0	4.0	7.852	1.95982099208	41.0	17.0	139.0	3229692.0	379824.0	7.0	0.0	1.0
102	0.25	0.181087226126	0.25	0.181087226126	1406.0	0.0	0.0	37537.0	0.0	0.0	0.0	1.0	0.0	0.0	3.0	0.0	0.0	0.0	0.5065	0.390762191109	1.0	1.0	4.0	38943.0	0.0	0.0	0.0	0.0
103	0.325	0.0731610222604	0.325	0.0731610222604	94892.0	0.0	3665.0	11235.0	0.0	0.0	0.0	23.0	0.0	2.0	1.0	0.0	0.0	0.0	1.9975	3.08505741438	3.0	3.0	26.0	109792.0	0.0	0.0	0.0	0.0
104	0.0810810810811	0.0535292927931	0.0810810810811	0.0535292927931	1038068.0	1759506.0	102496.0	49741.0	0.0	0.0	0.0	74.0	65.0	3.0	17.0	0.0	0.0	0.0	9.018	1.70234135788	65.0	37.0	159.0	2949811.0	593177.0	26.0	505.0	11.0
105	0.108108108108	0.0956475458624	0.108108108108	0.0956475458624	279995.0	322088.0	66522.0	21771.5	0.0	0.0	0.0	27.0	25.0	4.0	8.0	0.0	0.0	0.0	8.628	3.6129664557	20.0	10.0	64.0	690376.5	403144.5	6.0	0.0	1.0
106	0.101449275362	0.0326328103817	0.101449275362	0.0326328103817	972897.0	342008.0	64731.0	24623.5	0.0	0.0	0.0	24.0	18.0	2.0	6.0	0.0	0.0	0.0	8.109	2.26849076701	22.5	10.0	50.0	1404259.5	609634.5	13.0	0.0	0.0
107	0.327635327635	0.25854848427	0.327635327635	0.25854848427	258715.0	1014387.0	40348.0	89803.0	0.0	0.0	0.0	149.0	40.0	6.0	70.0	0.0	0.0	0.0	13.378	2.03973337643	98.0	58.0	265.0	1403253.0	452990.0	15.0	6224.0	6.0
108	0.157692307692	0.10530482977	0.157692307692	0.10530482977	1202694.0	1757773.0	108838.0	103817.0	0.0	0.0	0.0	119.0	79.0	7.0	24.0	0.0	0.0	0.0	11.187	2.19725425177	80.0	40.0	229.0	3173122.0	777294.0	41.0	2.0	1.0
109	0.117712542261	0.109249121438	0.117712542261	0.109249121438	798053.5	1582932.0	31449.0	67822.5	0.0	0.0	0.0	91.5	57.5	2.0	20.5	0.0	0.0	0.0	10.172	1.3091269037	52.5	30.0	171.5	2480257.0	450230.5	9.0	0.0	0.0
110	0.149635036496	0.176386296987	0.149635036496	0.176386296987	1080939.0	1315052.0	37745.0	125501.0	105102.0	0.0	0.0	109.0	78.0	6.0	30.0	6.0	0.0	0.0	8.601	1.01560698873	68.0	40.0	229.0	2664339.0	428673.0	25.0	0.0	2.0
111	0.180602006689	0.175087246193	0.180602006689	0.175087246193	447814.0	1261306.0	66755.0	80051.0	0.0	0.0	0.0	104.0	65.0	7.0	21.0	0.0	0.0	0.0	7.891	1.59944532052	64.0	37.0	197.0	1855926.0	754202.0	41.0	2.0	1.0
112	0.0858208955224	0.0573933229482	0.0858208955224	0.0573933229482	1134575.0	2093073.0	192811.0	135587.0	0.0	0.0	0.0	88.0	76.0	4.0	29.0	0.0	0.0	0.0	10.468	2.43203773728	73.0	40.0	197.0	3556046.0	639860.0	25.0	507.0	5.0
113	0.141480413362	0.108568142903	0.141480413362	0.108568142903	466953.5	1133506.5	118177.0	51739.5	8175.0	0.0	0.0	84.5	57.0	3.0	28.0	9.0	0.0	0.0	10.149	1.49677520022	57.0	28.5	181.5	1778551.5	748139.5	14.0	0.0	0.0
114	0.0963210119524	0.102120034289	0.0963210119524	0.102120034289	443722.5	1693401.5	84293.0	184128.0	0.0	0.0	0.0	130.0	109.0	4.0	75.5	0.0	0.0	0.0	20.8015	3.47705147853	103.0	58.0	318.5	2405545.0	487126.5	22.0	655738.5	19.0
115	0.0600589351713	0.106809328205	0.0600589351713	0.106809328205	426666.0	558313.0	116719.0	12508.5	0.0	0.0	0.0	48.0	47.0	16.0	10.0	0.0	0.0	0.0	8.659	5.36802991888	48.5	22.0	121.0	1114206.5	370076.0	6.0	1.0	3.0
116	0.115403583758	0.274511328562	0.115403583758	0.274511328562	1034764.5	131055.0	56773.0	15977.5	587.0	0.0	0.0	42.5	13.0	3.0	5.0	1.0	0.0	0.0	4.6785	2.1327465766	18.0	11.0	64.5	1239157.0	369491.5	4.5	0.0	0.0
117	0.05	0.0980089099009	0.05	0.0980089099009	340480.0	803420.0	106054.0	48792.0	12552.0	0.0	0.0	22.0	38.0	8.0	3.0	1.0	0.0	0.0	6.999	1.89387797983	38.0	19.0	72.0	1311298.0	390491.0	7.0	0.0	0.0
118	0.0760143810991	0.0103170313627	0.0760143810991	0.0103170313627	224827.0	756422.5	20183.0	28456.5	0.0	0.0	0.0	29.5	39.0	4.0	5.0	0.0	0.0	0.0	4.67	3.05314183097	41.5	18.0	77.5	1029889.0	452368.0	20.0	388.0	5.0
119	0.107692307692	0.00776314159475	0.107692307692	0.00776314159475	1299907.0	756023.0	129318.0	157681.0	3268.0	0.0	0.0	62.0	26.0	6.0	12.0	2.0	0.0	0.0	5.646	0.597913037155	42.0	24.0	108.0	2346197.0	517238.0	7.0	0.0	0.0
120	0.0952297233943	0.107562137301	0.0952297233943	0.107562137301	476657.5	1498392.0	84411.0	110086.5	0.0	0.0	0.0	105.5	88.0	4.0	49.0	0.0	0.0	0.0	17.027	3.29985510809	91.0	52.5	246.5	2169547.0	484617.5	17.0	457864.0	16.5
121	0.249011857708	0.0988322415266	0.249011857708	0.0988322415266	646523.0	1145505.0	53051.0	61443.0	0.0	0.0	0.0	104.0	51.0	12.0	32.0	0.0	0.0	0.0	7.864	0.916416342925	76.0	47.0	199.0	1906522.0	516514.0	13.0	1.0	2.0
122	0.0172413793103	0.00442202291978	0.0172413793103	0.00442202291978	746651.0	381812.0	31862.0	67214.0	0.0	0.0	0.0	35.0	6.0	2.0	2.0	0.0	0.0	0.0	5.047	0.748152209377	11.0	7.0	45.0	1227539.0	509983.0	11.0	0.0	0.0
123	0.0261449077239	0.0378130936855	0.0261449077239	0.0378130936855	1319940.0	241629.0	34264.0	11923.5	0.0	0.0	0.0	44.0	10.0	7.0	3.0	0.0	0.0	0.0	6.4105	6.00550367663	13.0	9.0	64.0	1607756.5	415865.0	6.0	0.0	0.0
124	0.136555030695	0.110290071182	0.136555030695	0.110290071182	660605.0	1611127.0	188567.5	95064.0	8874.0	0.0	0.0	70.5	67.5	16.0	21.0	1.0	0.0	0.0	10.6065	2.3007604721	57.0	30.0	176.0	2564237.5	758043.0	21.0	0.0	1.0
125	0.0896551724138	0.118903643981	0.0896551724138	0.118903643981	459937.0	1641013.0	84295.0	145696.0	0.0	0.0	0.0	99.0	88.0	5.0	61.0	0.0	0.0	0.0	17.475	3.90892337597	90.0	51.0	253.0	2330941.0	446262.0	19.0	549493.0	14.0
126	0.040625	0.0171188737235	0.040625	0.0171188737235	6360988.0	1384162.0	179578.0	129288.0	0.0	0.0	0.0	212.0	42.0	3.0	25.0	0.0	0.0	0.0	9.661	2.20392493318	46.0	24.0	282.0	8054016.0	403876.0	9.0	156944.0	6.0
127	0.0783465103599	0.0796880609214	0.0783465103599	0.0796880609214	2271973.0	618034.0	55629.0	28026.0	0.0	0.0	0.0	33.0	29.0	4.0	10.5	0.0	0.0	0.0	11.537	4.87018129437	33.5	17.5	76.5	2973662.0	448615.5	8.0	22.0	1.0
128	0.035563973064	0.0248709879771	0.035563973064	0.0248709879771	92428.5	555742.5	80163.0	25133.5	0.0	0.0	0.0	15.0	33.5	7.0	10.0	0.0	0.0	0.0	5.114	2.15582549387	29.0	17.0	65.5	753467.5	388536.0	6.0	0.0	0.0
129	0.0222222222222	0.0135209334248	0.0222222222222	0.0135209334248	2052259.0	1024701.0	102946.0	132512.0	1337.0	0.0	0.0	95.0	48.0	9.0	13.0	3.0	0.0	0.0	6.842	0.900630410214	43.0	25.0	168.0	3313755.0	482031.0	12.0	106.0	1.0
130	0.0681003584229	0.0599126900497	0.0681003584229	0.0599126900497	1278991.0	1108664.0	949969.0	181960.0	211246.0	0.0	0.0	134.0	64.0	21.0	24.0	10.0	0.0	0.0	13.559	4.47963268446	51.0	32.0	253.0	3730830.0	396014.0	17.0	7284.0	2.0
131	0.0882352941176	0.15251102575	0.0882352941176	0.15251102575	3616751.0	697201.0	245955.0	25318.0	29556.0	0.0	0.0	45.0	23.0	1.0	18.0	24.0	0.0	0.0	6.89	1.07519372931	31.0	12.0	111.0	4614781.0	369464.0	4.0	0.0	0.0
132	0.115646258503	0.0478893301105	0.115646258503	0.0478893301105	1802817.0	2250734.0	298614.0	119200.0	1129.0	0.0	0.0	92.0	83.0	13.0	42.0	2.0	0.0	0.0	12.021	1.10901712685	75.0	46.0	232.0	4472494.0	431689.0	27.0	100944.0	7.0
133	0.0726195699868	0.0380982530733	0.0726195699868	0.0380982530733	2204607.0	171228.0	62130.0	13591.0	402.0	0.0	0.0	18.0	10.0	8.0	2.5	1.0	0.0	0.0	6.01	1.43444970633	13.0	5.0	39.5	2451958.0	369464.0	4.0	0.0	0.0
134	0.0708675960427	0.128529579736	0.0708675960427	0.128529579736	4252461.0	1573556.5	184114.0	152485.5	0.0	0.0	0.0	201.5	53.0	4.0	31.5	0.0	0.0	0.0	12.359	3.39085329084	50.5	28.0	290.0	6162617.0	449656.0	9.0	156944.0	6.0
135	0.0919352497096	0.101099539559	0.0919352497096	0.101099539559	613859.0	1477681.5	84285.0	126731.0	0.0	0.0	0.0	118.0	88.0	4.0	60.0	0.0	0.0	0.0	18.3095	2.94219907722	93.5	54.5	270.0	2302556.5	446173.5	18.0	555808.5	17.0
136	0.0957243748807	0.0674403700444	0.0957243748807	0.0674403700444	2806510.5	1719811.0	148182.0	60226.0	402.0	0.0	0.0	142.5	62.0	12.5	45.5	1.0	0.0	0.0	11.8525	2.73674921211	89.0	46.0	263.5	4735131.5	471104.0	14.5	0.0	1.0
137	0.101829553816	0.205344781405	0.101829553816	0.205344781405	2032297.0	1179093.5	176604.0	137120.0	0.0	0.0	0.0	189.5	40.0	2.0	26.0	0.0	0.0	0.0	10.4825	2.05016970029	45.5	28.0	257.5	3525114.5	385956.5	12.0	156944.0	6.0
138	0.0575657894737	0.0112987750051	0.0575657894737	0.0112987750051	203946.5	1320954.0	258999.0	45665.0	1863.0	0.0	0.0	24.0	21.0	8.0	8.5	1.0	0.0	0.0	3.4265	0.386281257635	23.0	12.0	62.5	1831427.5	28443.0	2.5	135620.0	5.0
139	0.0647538677918	0.0679051354004	0.0647538677918	0.0679051354004	2407871.5	1493634.5	79795.5	62027.0	0.0	0.0	0.0	79.5	65.0	4.5	21.5	0.0	0.0	0.0	9.876	0.774788493719	64.5	36.0	170.5	4043328.5	586695.5	26.0	2675.0	11.5
140	0.0655913978495	0.0959044120779	0.0655913978495	0.0959044120779	208276.0	139645.0	256082.0	5322.0	0.0	0.0	0.0	8.0	6.0	7.0	3.0	0.0	0.0	0.0	6.3075	4.51360560528	9.0	5.0	24.0	609325.0	424684.0	5.0	0.0	0.0
141	0.09375	0.105597230237	0.09375	0.105597230237	208276.0	139645.0	256082.0	5532.0	0.0	0.0	0.0	8.0	6.0	7.0	4.0	0.0	0.0	0.0	5.843	1.06632234026	10.0	6.0	25.0	609535.0	424684.0	5.0	0.0	0.0
142	0.119123227819	0.124117427086	0.119123227819	0.124117427086	1592757.0	1886727.5	52320.5	138712.0	26403.0	0.0	0.0	141.0	75.0	4.5	25.0	6.0	0.0	0.0	10.835	1.86835839442	67.5	45.5	251.5	3696920.0	665846.5	34.0	40987.0	7.0
143	0.0564989785495	0.114424758737	0.0564989785495	0.114424758737	1025930.5	521577.5	32758.0	35301.0	0.0	0.0	0.0	44.5	24.0	6.0	6.0	0.0	0.0	0.0	9.37	2.36516414018	23.5	7.0	80.5	1615567.0	369464.0	4.0	0.0	0.0
144	0.0549028051181	0.0485150301411	0.0549028051181	0.0485150301411	1248032.5	753191.0	43375.0	24034.5	0.0	0.0	0.0	67.0	30.0	6.0	8.5	0.0	0.0	0.0	10.4105	1.44711390015	28.0	15.0	111.5	2068633.0	371573.0	5.0	5403.0	1.0
145	0.164760914761	0.126116616289	0.164760914761	0.126116616289	1413506.0	889189.0	6103.0	293154.5	0.0	0.0	0.0	124.5	70.0	7.0	53.5	0.0	0.0	0.0	12.54	3.55565192475	50.5	30.5	255.0	2601952.5	374790.5	9.0	313.5	3.5
146	0.169161347127	0.0662552373385	0.169161347127	0.0662552373385	333599.5	1087955.5	277178.0	54140.0	0.0	0.0	0.0	47.0	53.5	8.0	24.5	0.0	0.0	0.0	9.95	1.37396422352	67.0	34.5	133.0	1752873.0	392179.0	13.0	0.0	0.5
147	0.229540393245	0.268965920044	0.229540393245	0.268965920044	749420.0	1530171.5	204258.0	264385.0	3006.0	0.0	0.0	155.5	111.0	10.0	56.0	2.0	0.0	0.0	15.069	4.72967772264	108.5	70.0	334.5	2751240.5	678126.5	13.0	0.0	1.0
148	0.051724137931	0.0494800566323	0.051724137931	0.0494800566323	2366166.0	1118390.0	955018.0	430700.0	17534.0	0.0	0.0	195.0	71.0	23.0	26.0	11.0	0.0	0.0	14.413	4.35975479546	57.0	36.0	326.0	4887808.0	424684.0	18.0	508753.0	3.0
149	0.0666666666667	0.0636056986496	0.0666666666667	0.0636056986496	14374413.0	280701.0	115184.0	15219.0	0.0	0.0	0.0	34.0	9.0	6.0	5.0	0.0	0.0	0.0	4.9065	1.07062584034	10.0	6.0	54.0	14785517.0	369464.0	4.0	0.0	0.0
150	0.140740740741	0.300349484658	0.140740740741	0.300349484658	1596358.0	602777.0	122510.0	98659.0	58778.0	0.0	0.0	61.0	12.0	1.0	19.0	10.0	0.0	0.0	7.35	0.0	32.0	19.0	103.0	2479082.0	1644578.0	27.0	149.0	2.0
151	0.0815082130413	0.199802197616	0.0815082130413	0.199802197616	1674675.0	1394991.0	233456.0	61908.5	0.0	0.0	0.0	23.0	42.5	3.0	8.5	0.0	0.0	0.0	7.892	1.37891289065	20.5	14.0	77.0	3365030.5	452672.0	8.0	0.0	1.0
152	0.0862244897959	0.0829554416313	0.0862244897959	0.0829554416313	1031268.0	1731098.5	102451.0	50271.5	0.0	0.0	0.0	84.5	60.5	3.0	24.5	0.0	0.0	0.0	8.087	1.70808543112	58.0	34.5	172.5	2915089.0	592925.0	25.0	506.0	3.0
153	0.112788331072	0.140287363093	0.112788331072	0.140287363093	680317.0	436299.5	100908.0	16896.0	0.0	0.0	0.0	34.0	45.0	21.0	11.0	0.0	0.0	0.0	6.4935	3.2203243082	45.0	28.0	111.0	1234420.5	370076.0	6.0	1.0	1.0
154	0.0987116331944	0.0775558391031	0.0987116331944	0.0775558391031	885103.5	1104122.5	55109.0	33960.5	0.0	0.0	0.0	53.5	65.5	2.0	18.5	0.0	0.0	0.0	8.7475	1.26788785387	55.0	30.0	139.5	2078295.5	579378.5	24.0	1135.0	6.0
155	0.217376760148	0.102717602295	0.217376760148	0.102717602295	792567.0	1971311.5	57996.5	112279.5	0.0	0.0	0.0	125.5	102.5	18.5	56.5	0.0	0.0	0.0	11.3335	2.03914692948	101.5	65.0	303.0	2934154.5	380238.0	10.5	2068.0	2.5
156	0.190361445783	0.201490896736	0.190361445783	0.201490896736	1343971.0	1390337.0	56244.0	122187.0	0.0	0.0	0.0	167.0	100.0	7.0	66.0	0.0	0.0	0.0	12.886	0.0	101.0	53.0	340.0	2912739.0	488193.0	12.0	0.0	3.0
157	0.0765601217656	0.0432095520347	0.0765601217656	0.0432095520347	2965218.5	1610669.5	308417.0	129183.0	0.0	0.0	0.0	245.0	79.0	22.0	35.0	0.0	0.0	0.0	16.5865	1.34143626013	90.0	48.5	381.0	5013488.0	545563.5	24.0	6745.0	2.0
158	0.0	0.0	0.0	0.0	0.0	111230.0	56705.0	114956.5	0.0	0.0	0.0	0.0	4.0	1.5	2.0	0.0	0.0	0.0	0.634	1.97123697206	4.5	4.5	7.5	282891.5	0.0	0.0	0.0	0.0
159	0.0588252116221	0.115755387896	0.0588252116221	0.115755387896	3674496.0	1201803.5	176180.0	131722.5	0.0	0.0	0.0	228.5	28.5	2.0	22.5	0.0	0.0	0.0	9.56	3.83592090768	32.0	18.0	281.5	5184202.0	377619.0	6.5	149184.0	5.0
160	0.112165383205	0.0385675210893	0.112165383205	0.0385675210893	1041959.5	1080839.0	108486.0	268970.5	0.0	0.0	0.0	66.5	67.0	12.0	32.0	0.0	0.0	0.0	10.9085	1.07188887484	59.5	32.5	177.5	2500255.0	751869.0	13.0	0.0	0.0
161	0.0357142857143	0.0631882449059	0.0357142857143	0.0631882449059	544732.0	407429.0	23534.0	22821.0	0.0	0.0	0.0	47.0	14.0	4.0	4.0	0.0	0.0	0.0	4.418	1.03917334454	23.0	10.0	69.0	998516.0	394338.5	6.0	58.0	1.0
162	0.136346569042	0.148578734866	0.136346569042	0.148578734866	1244488.5	964529.0	68794.0	89820.5	29844.0	0.0	0.0	111.5	77.5	6.0	22.0	6.0	0.0	0.0	7.3885	3.11792639426	65.0	37.5	223.0	2397476.0	989810.5	31.0	0.0	2.0
163	0.146994611669	0.0643609877745	0.146994611669	0.0643609877745	791863.0	953596.5	91016.0	257287.0	0.0	0.0	0.0	52.0	71.5	10.0	35.5	0.0	0.0	0.0	10.9275	1.49806042602	64.0	34.5	169.0	2093762.5	604570.0	10.0	0.0	0.0
164	0.0491803278689	0.0890876624868	0.0491803278689	0.0890876624868	159273.0	74791.0	29003.0	15159.0	79030.0	0.0	0.0	24.0	8.0	7.0	4.5	1.0	0.0	0.0	6.8475	1.9998009626	16.5	7.0	44.5	357256.0	369464.0	4.0	0.0	0.0
165	0.0168079096045	0.0132911093784	0.0168079096045	0.0132911093784	330828.0	465684.0	54618.0	19343.0	0.0	0.0	0.0	35.5	23.0	2.0	7.5	0.0	0.0	0.0	5.9895	2.70594021368	16.5	10.0	68.0	870473.0	369464.0	4.0	0.0	0.0
166	0.133334677094	0.0733807856358	0.133334677094	0.0733807856358	200639.5	1174570.5	111013.0	51002.0	0.0	0.0	0.0	39.5	45.0	13.0	14.5	0.0	0.0	0.0	7.557	1.61756602338	48.0	28.0	112.0	1537225.0	475846.0	16.0	58.0	1.0
168	0.0178571428571	0.00227473559863	0.0178571428571	0.00227473559863	654023.0	636345.0	262238.0	51090.5	0.0	0.0	0.0	18.0	17.0	1.0	2.0	0.0	0.0	0.0	5.644	1.55118322902	16.5	10.0	38.0	1603696.5	625534.0	17.0	0.0	0.0
169	0.0363636363636	0.0209885066761	0.0363636363636	0.0209885066761	153453.0	3498.0	255375.0	41064.0	8713.0	0.0	0.0	46.0	2.0	2.0	3.0	4.0	0.0	0.0	2.5625	0.745066178269	4.0	3.0	57.0	462103.0	182.5	1.0	0.0	0.0
170	0.0253205128205	0.00952347518364	0.0253205128205	0.00952347518364	569013.0	683499.0	2159892.0	52564.0	0.0	0.0	0.0	13.0	15.0	3.0	1.0	0.0	0.0	0.0	4.698	0.925360583773	10.0	8.0	32.0	3464968.0	374531.0	5.0	6201.0	1.0
171	0.195906432749	0.215851872196	0.195906432749	0.215851872196	1216401.0	1592996.0	204230.0	287315.0	2886.0	0.0	0.0	136.0	96.0	10.0	49.0	2.0	0.0	0.0	15.014	1.47189772524	107.0	72.0	293.0	3303828.0	822199.0	14.0	0.0	1.0
172	0.115789473684	0.127295336788	0.115789473684	0.127295336788	399352.0	1602845.0	84309.0	116255.0	0.0	0.0	0.0	105.0	88.0	4.0	48.0	0.0	0.0	0.0	17.276	4.04175753345	105.0	62.0	245.0	2202761.0	483656.0	16.0	405758.0	12.0
173	0.0428921568627	0.00458171999289	0.0428921568627	0.00458171999289	1293779.0	365947.5	41050.0	51603.5	0.0	0.0	0.0	81.0	20.0	8.0	10.0	0.0	0.0	0.0	4.928	1.12647061657	22.0	8.0	119.0	1752380.0	369464.0	4.0	0.0	0.0
174	0.157747730591	0.0399564616626	0.157747730591	0.0399564616626	1187188.5	962569.5	113457.0	209490.0	0.0	0.0	0.0	64.5	46.0	4.0	31.5	0.0	0.0	0.0	8.189	2.37452033261	67.5	33.0	146.0	2472705.0	506265.5	11.0	0.0	1.0
175	0.0358751608752	0.0188916571565	0.0358751608752	0.0188916571565	2310215.0	1072524.5	42818.0	29482.5	23839.0	0.0	-1.0	41.0	31.5	9.0	6.0	10.0	0.0	1.0	11.007	3.43448280823	31.5	17.0	98.5	3478878.0	376945.0	7.0	0.0	0.0
176	0.131689472971	0.0982338842359	0.131689472971	0.0982338842359	359795.0	2124010.5	175307.0	63629.5	3989.0	0.0	0.0	77.5	75.0	7.0	28.5	4.0	0.0	0.0	9.2365	1.23832961459	71.0	36.5	192.0	2726731.0	377852.5	11.0	39.0	3.0
177	0.122837498839	0.067452778325	0.122837498839	0.067452778325	654029.0	1480593.0	344203.0	93838.0	8874.0	0.0	0.0	71.5	60.0	14.0	16.5	1.0	0.0	0.0	10.474	3.46017082815	57.0	28.5	163.0	2581537.0	758044.0	21.0	0.0	1.0
178	0.301894760034	0.314553754791	0.301894760034	0.314553754791	217024.0	843876.0	121779.0	98322.5	1706.0	1985871.0	0.0	121.0	47.5	1.0	21.0	1.0	1.0	0.0	7.84	1.7253954793	67.0	37.0	192.5	3268578.5	718359.0	15.0	155.0	13.0
179	0.0923295454545	0.0552213667264	0.0923295454545	0.0552213667264	1379819.5	1219478.0	176180.0	118452.5	0.0	0.0	0.0	145.0	38.0	2.0	20.5	0.0	0.0	0.0	9.2945	2.39266227454	35.0	18.0	205.5	2893930.0	403976.0	9.0	156944.0	6.0
180	0.0786546610169	0.032912695848	0.0786546610169	0.032912695848	1369122.0	1219523.0	176180.0	121826.5	0.0	0.0	0.0	149.5	38.0	2.0	22.0	0.0	0.0	0.0	9.2325	3.1599219753	36.5	18.0	211.5	2886651.5	384183.0	7.0	156944.0	6.0
181	0.0449438202247	0.046261387301	0.0449438202247	0.046261387301	328141.5	434400.5	34984.0	5949.0	0.0	0.0	0.0	48.0	24.0	3.0	4.0	0.0	0.0	0.0	7.9335	2.30308332676	17.5	8.0	79.0	803475.0	421448.0	6.0	0.0	1.0
182	0.0237400790869	0.00590311065691	0.0237400790869	0.00590311065691	2584297.5	996844.0	161523.0	44001.5	182.0	0.0	0.0	85.5	38.5	16.0	18.0	1.0	0.0	0.0	9.509	3.13258658141	42.0	21.0	159.0	3786848.0	607977.0	11.0	1529.0	1.0
183	0.0	0.0	0.0	0.0	5694.0	219288.0	36408.0	29809.5	0.0	0.0	0.0	1.0	11.0	2.0	3.0	0.0	0.0	0.0	0.5575	0.264022347539	8.0	5.0	17.0	291199.5	0.0	0.0	0.0	0.0
184	0.200716845878	0.156401687928	0.200716845878	0.156401687928	800633.0	1213203.0	114786.0	79491.0	0.0	0.0	0.0	83.0	68.0	8.0	47.0	0.0	0.0	0.0	11.143	3.15430653685	81.0	46.0	206.0	2208113.0	479543.0	23.0	0.0	0.0
185	0.0516483516484	0.0203420024433	0.0516483516484	0.0203420024433	508567.0	401628.0	49907.0	54925.0	0.0	0.0	0.0	15.0	26.0	5.0	9.0	0.0	0.0	0.0	5.547	2.99890983526	22.5	11.0	55.0	1015027.0	369464.0	4.0	15019.0	3.0
186	0.0378006872852	0.0504529468187	0.0378006872852	0.0504529468187	4827660.0	1342269.0	159224.0	136177.0	182.0	0.0	0.0	149.0	57.0	17.0	38.0	1.0	0.0	0.0	14.11	2.85008509347	39.0	18.0	262.0	6465512.0	389995.0	8.0	0.0	1.0
187	0.324675324675	0.249255159712	0.324675324675	0.249255159712	1800398.0	928193.0	60026.0	129676.0	11932.0	0.0	0.0	188.0	74.0	1.0	53.0	12.0	0.0	0.0	13.794	3.40143343133	108.0	61.0	328.0	2930225.0	384456.0	17.0	50200.0	5.0
188	0.129807692308	0.0443303128103	0.129807692308	0.0443303128103	695463.0	1409437.0	174309.0	98778.0	7402.0	0.0	0.0	84.0	61.0	14.0	17.0	1.0	0.0	0.0	9.665	2.81626276306	57.0	29.0	177.0	2385389.0	758033.0	18.0	0.0	1.0
189	0.0583900226757	0.027493427973	0.0583900226757	0.027493427973	170154.0	331326.5	44745.0	19588.5	0.0	0.0	0.0	13.0	21.0	2.0	7.0	0.0	0.0	0.0	6.567	1.28748655915	24.0	11.0	43.0	565814.0	446624.0	5.0	58.0	1.0
190	0.0714285714286	0.0755385155012	0.0714285714286	0.0755385155012	752804.0	434085.0	334521.0	21330.0	0.0	0.0	0.0	15.0	10.0	1.0	3.0	0.0	0.0	0.0	7.242	2.82367473516	15.0	8.0	29.0	1542740.0	776916.0	10.0	0.0	0.0
191	0.248115577889	0.436365070631	0.248115577889	0.436365070631	341722.5	629652.5	73507.0	26312.0	0.0	0.0	0.0	80.5	23.0	3.0	38.5	0.0	0.0	0.0	10.5825	2.88520044538	51.0	28.5	145.0	1071194.0	397126.5	12.0	28881.0	6.5
192	0.161387050483	0.2587147452	0.161387050483	0.2587147452	888869.5	1158073.5	96388.0	94534.0	182.0	0.0	0.0	72.5	59.0	12.0	31.5	1.0	0.0	0.0	13.3205	3.01230985956	57.5	36.5	176.0	2238047.0	480082.0	7.0	894.0	1.0
193	0.134082397004	0.0717926000754	0.134082397004	0.0717926000754	252573.0	1227683.5	118224.0	67159.0	0.0	0.0	0.0	36.5	53.0	9.0	13.5	0.0	0.0	0.0	10.173	4.16952918805	51.5	26.5	112.0	1665639.5	392230.5	12.0	0.0	0.0
194	0.123252083551	0.173964801622	0.123252083551	0.173964801622	380996.0	674713.5	24864.0	65998.5	9399.0	0.0	0.0	71.0	46.5	2.0	31.5	1.0	0.0	0.0	11.8535	4.12081114588	50.5	27.0	152.0	1155971.0	372028.0	5.5	58.0	5.0
195	0.131656793126	0.0732362854449	0.131656793126	0.0732362854449	3523368.0	2339859.5	173404.5	109782.0	1903.0	0.0	0.0	102.5	95.0	17.5	43.5	4.0	0.0	0.0	13.7995	2.23363028498	91.0	58.5	262.5	6148317.0	2391241.0	23.0	82642.0	12.0
196	0.173553719008	0.153060656133	0.173553719008	0.153060656133	3238942.0	1217882.0	113790.0	146113.0	3384.0	0.0	1660462.0	113.0	43.0	5.0	39.0	2.0	0.0	1.0	10.379	1.93001001725	77.0	43.0	203.0	6380573.0	476152.0	12.0	0.0	1.0
197	0.114754098361	0.298452828347	0.114754098361	0.298452828347	3322563.0	716106.0	42121.0	57746.0	1797.0	0.0	0.0	49.0	31.0	6.0	16.0	1.0	0.0	0.0	7.071	1.21286199636	31.0	17.0	103.0	4140333.0	440759.0	8.0	0.0	1.0
198	0.112068965517	0.0759183374799	0.112068965517	0.0759183374799	98281.0	952132.0	51440.0	97044.0	4102.0	0.0	0.0	40.0	58.0	6.0	21.0	5.0	0.0	0.0	8.461	0.776399524872	56.0	27.0	130.0	1202999.0	447060.0	11.0	0.0	0.0
199	0.114391143911	0.120028290897	0.114391143911	0.120028290897	373165.0	1368900.0	58155.0	144595.0	0.0	0.0	0.0	108.0	76.0	4.0	47.0	0.0	0.0	0.0	14.686	3.37789364933	90.0	51.0	235.0	1944815.0	445182.0	17.0	449525.0	12.0
200	0.171381578947	0.17553062085	0.171381578947	0.17553062085	2529315.0	1043771.0	113786.0	147079.5	1910.5	181009.0	0.0	111.5	42.0	5.0	41.0	1.0	1.0	1.0	10.436	1.53121985174	74.0	41.0	202.5	4016871.0	2352782.5	12.0	0.0	1.0
201	0.0470588235294	0.0189477245813	0.0470588235294	0.0189477245813	1086842.0	432892.0	135531.0	25115.0	5940.0	0.0	0.0	30.0	29.0	4.0	5.0	1.0	0.0	0.0	4.989	0.51205989233	30.0	18.0	69.0	1686320.0	444828.0	8.0	0.0	1.0
202	0.062015503876	0.0579747487761	0.062015503876	0.0579747487761	978555.0	638410.0	70709.0	23559.0	1392.0	0.0	0.0	40.0	30.0	2.0	46.0	2.0	0.0	0.0	5.792	0.760014538522	31.0	17.0	120.0	1712625.0	468548.0	11.0	2.0	1.0
203	0.0307710515415	0.0832432866675	0.0307710515415	0.0832432866675	3983208.0	1348123.0	196838.0	603236.5	87262.0	0.0	0.0	66.0	36.5	12.5	10.0	6.0	0.0	0.0	9.1435	1.27178680079	37.5	18.0	131.0	6218667.5	470290.5	8.0	0.0	0.0
204	0.0775862068966	0.00607411291732	0.0775862068966	0.00607411291732	1928410.0	569321.0	69033.0	49048.0	182.0	0.0	0.0	37.0	45.0	10.0	17.0	1.0	0.0	0.0	6.659	1.33440831665	29.0	12.0	110.0	2615994.0	473819.0	7.0	0.0	0.0
205	0.304158572559	0.240013982694	0.304158572559	0.240013982694	153944.0	1152726.0	81598.0	43680.0	0.0	0.0	0.0	112.5	65.0	5.0	52.5	0.0	0.0	0.0	12.1575	2.53603608018	132.0	97.5	235.0	1431948.0	438851.5	11.0	12465.0	8.0
206	0.0588235294118	0.00713831511148	0.0588235294118	0.00713831511148	224997.0	638211.0	38650.0	55365.0	0.0	0.0	0.0	42.0	21.0	8.0	8.0	0.0	0.0	0.0	10.388	1.08216365345	28.0	11.0	79.0	957223.0	491621.0	11.0	0.0	0.0
207	0.0530303030303	0.00795127727965	0.0530303030303	0.00795127727965	672179.0	303112.0	44921.0	29008.0	0.0	0.0	0.0	41.0	23.0	9.0	10.0	0.0	0.0	0.0	6.413	1.14258878684	33.0	18.0	83.0	1049220.0	436592.0	14.0	24.0	3.0
208	0.102946044356	0.260135582253	0.102946044356	0.260135582253	3533560.5	1538851.0	425202.0	387779.0	0.0	0.0	0.0	67.5	37.5	9.0	26.0	0.0	0.0	0.0	12.6005	2.55112565535	37.0	13.5	140.0	5885392.5	480542.5	10.0	0.0	0.0
209	0.0420168067227	0.0574271251527	0.0420168067227	0.0574271251527	168759.0	508128.0	275623.0	186970.0	12570.0	0.0	0.0	13.0	19.0	2.0	72.0	3.0	0.0	0.0	6.32	1.34871444964	20.0	9.0	109.0	1152050.0	369464.0	4.0	0.0	0.0
210	0.020618556701	0.0144271957781	0.020618556701	0.0144271957781	1685627.0	1475152.0	443862.0	23738.0	0.0	0.0	0.0	36.0	38.0	7.0	2.0	0.0	0.0	0.0	8.058	0.58225941357	13.0	5.0	83.0	3628379.0	419859.0	12.0	0.0	0.0
211	0.0322580645161	0.00200548870593	0.0322580645161	0.00200548870593	556640.0	696209.0	79527.0	84514.0	0.0	0.0	0.0	24.0	33.0	10.0	10.0	0.0	0.0	0.0	5.326	0.752593458369	23.0	10.0	77.0	1416890.0	370375.0	5.0	15017.0	3.0
212	0.0375	0.0412229268876	0.0375	0.0412229268876	462733.0	129628.0	44130.0	60432.0	7146.0	0.0	0.0	22.0	16.0	7.0	6.0	5.0	0.0	0.0	5.151	0.89226677625	17.0	9.0	56.0	704069.0	920072.0	25.0	0.0	0.0
213	0.0253164556962	0.00831768178159	0.0253164556962	0.00831768178159	5950729.0	1489671.0	187425.0	71023.0	0.0	0.0	0.0	98.0	60.0	14.0	39.0	0.0	0.0	0.0	11.381	2.07017169324	53.0	32.0	211.0	7698848.0	547655.0	12.0	0.0	0.0
214	0.0301507537688	0.00577028464589	0.0301507537688	0.00577028464589	8589685.0	824483.0	47576.0	133988.0	4417.0	0.0	0.0	91.0	66.0	4.0	30.0	2.0	0.0	0.0	10.507	1.41514646103	38.0	16.0	193.0	9600149.0	369536.0	5.0	4349.0	1.0
215	0.152466367713	0.114933395653	0.152466367713	0.114933395653	1221916.0	1599036.0	202353.0	88663.0	8874.0	0.0	0.0	81.0	49.0	12.0	8.0	1.0	0.0	0.0	8.471	2.86874941566	46.0	26.0	151.0	3120842.0	593972.0	16.0	0.0	1.0
216	0.0289855072464	0.0120780427377	0.0289855072464	0.0120780427377	291111.0	332817.0	178437.0	19533.0	4459.0	0.0	0.0	15.0	28.0	7.0	6.0	1.0	0.0	0.0	4.566	0.778540863759	19.0	12.0	57.0	826357.0	654296.0	11.0	0.0	0.0
217	0.0738255033557	0.0737973083501	0.0738255033557	0.0737973083501	1841422.0	1790086.0	102451.0	66101.0	0.0	0.0	0.0	79.0	66.0	3.0	20.0	0.0	0.0	0.0	9.748	1.46775338528	62.0	34.0	168.0	3800060.0	597316.0	26.0	511.0	10.0
218	0.139194139194	0.102090775111	0.139194139194	0.102090775111	849744.0	1453731.0	160587.0	73828.0	0.0	0.0	0.0	67.0	71.0	11.0	44.0	0.0	0.0	0.0	11.834	1.05332784809	75.0	39.0	193.0	2537890.0	805800.0	29.0	0.0	0.0
219	0.112391930836	0.238149766461	0.112391930836	0.238149766461	5279069.0	1480365.0	183320.0	147996.0	0.0	0.0	0.0	213.0	44.0	3.0	28.0	0.0	0.0	0.0	12.137	3.21205927178	40.0	22.0	288.0	7090750.0	390866.0	8.0	156944.0	6.0
220	0.0769230769231	0.174875542845	0.0769230769231	0.174875542845	385455.0	121865.0	38216.0	5738.0	0.0	0.0	0.0	9.0	10.0	8.0	2.0	0.0	0.0	0.0	4.104	0.712418953588	8.0	4.0	29.0	551274.0	369464.0	4.0	200366.0	4.0
221	0.0925479146983	0.117309119409	0.0925479146983	0.117309119409	1225832.5	1091594.5	194622.0	97583.0	0.0	0.0	0.0	119.5	71.0	15.0	29.5	0.0	0.0	0.0	7.913	1.42161261865	51.0	29.0	235.0	2609632.0	407220.0	12.0	0.0	0.0
222	0.174772727273	0.128991874328	0.174772727273	0.128991874328	382120.0	1327650.5	55995.0	91518.5	0.0	0.0	0.0	100.5	80.5	4.0	36.5	0.0	0.0	0.0	10.7525	1.3446350748	79.5	41.0	221.5	1857284.0	766368.5	35.0	2.0	1.5
223	0.05	0.0838250479422	0.05	0.0838250479422	208255.0	825844.0	105419.0	46367.0	16041.0	0.0	0.0	23.0	39.0	8.0	4.0	1.0	0.0	0.0	7.667	1.62346938361	39.0	19.0	75.0	1201926.0	390377.0	7.0	0.0	0.0
224	0.0135135135135	0.00800114302043	0.0135135135135	0.00800114302043	1050890.0	147706.0	46364.0	112583.0	0.0	0.0	0.0	48.0	10.0	7.0	2.0	0.0	0.0	0.0	4.793	1.10103296056	15.0	8.0	67.0	1357543.0	370732.0	5.0	0.0	0.0
226	0.103274559194	0.19675710951	0.103274559194	0.19675710951	2970701.0	1509511.0	183320.0	144054.0	0.0	0.0	0.0	204.0	47.0	3.0	31.0	0.0	0.0	0.0	11.178	3.84194412592	43.0	23.0	285.0	4807586.0	389849.0	7.0	156944.0	6.0
227	0.174157303371	0.0446195810812	0.174157303371	0.0446195810812	482556.0	840510.0	42530.0	82300.0	0.0	0.0	0.0	81.0	46.0	9.0	29.0	0.0	0.0	0.0	9.456	1.39230767672	53.0	29.0	165.0	1447896.0	377419.0	9.0	0.0	0.0
228	0.246575342466	0.176196152884	0.246575342466	0.176196152884	911859.0	1076623.0	55854.0	174965.0	0.0	0.0	0.0	108.0	50.0	7.0	72.0	0.0	0.0	0.0	12.457	6.71820961329	88.0	52.0	237.0	2219301.0	380565.0	9.0	0.0	2.0
229	0.138613861386	0.10509011918	0.138613861386	0.10509011918	373341.0	488706.0	256082.0	17037.0	0.0	0.0	0.0	34.0	25.0	7.0	9.0	0.0	0.0	0.0	6.193	1.43785105429	39.0	22.0	75.0	1135166.0	424684.0	5.0	0.0	0.0
230	0.0571428571429	0.10719744091	0.0571428571429	0.10719744091	3865137.0	1022843.0	73472.0	99915.0	26947.0	0.0	0.0	154.0	72.0	49.0	21.0	30.0	0.0	0.0	8.12	1.2079590787	46.0	24.0	326.0	5088314.0	369468.0	6.0	105228.0	4.0
231	0.203448275862	0.13569440375	0.203448275862	0.13569440375	411633.0	1329643.0	115074.0	70591.0	0.0	0.0	0.0	68.0	81.0	10.0	50.0	0.0	0.0	0.0	12.552	4.72725983536	82.0	44.0	209.0	1926941.0	478636.0	24.0	0.0	0.0
232	0.09375	0.233468110082	0.09375	0.233468110082	208276.0	139645.0	256082.0	5319.0	0.0	0.0	0.0	8.0	6.0	7.0	4.0	0.0	0.0	0.0	5.421	0.880958947208	10.0	6.0	25.0	609322.0	424684.0	5.0	0.0	0.0
233	0.187022900763	0.171976347391	0.187022900763	0.171976347391	482330.0	1306125.0	66746.0	83918.0	838.0	0.0	0.0	84.0	72.0	7.0	25.0	1.0	0.0	0.0	9.49	2.05379584137	72.0	39.0	189.0	1939957.0	753352.0	41.0	2.0	1.0
234	0.0	0.0	0.0	0.0	0.0	0.0	0.0	248.0	0.0	0.0	0.0	0.0	0.0	0.0	1.0	0.0	0.0	0.0	0.312	0.0288717898114	1.0	1.0	1.0	248.0	0.0	0.0	0.0	0.0
235	0.287634408602	0.304574251047	0.287634408602	0.304574251047	313430.0	1160177.0	81598.0	52847.0	0.0	0.0	0.0	124.0	74.0	5.0	55.0	0.0	0.0	0.0	13.955	2.11326069509	144.0	102.0	258.0	1608052.0	441952.0	13.0	12002.0	10.0
236	0.0444444444444	0.0308400781468	0.0444444444444	0.0308400781468	1202983.0	267737.0	203963.0	58756.0	0.0	0.0	0.0	32.0	20.0	11.0	10.0	0.0	0.0	0.0	8.357	2.57606866713	21.0	10.0	73.0	1733439.0	963397.0	15.0	0.0	0.0
237	0.0176470588235	0.0217216411907	0.0176470588235	0.0217216411907	9283342.0	846461.0	147191.0	103436.0	0.0	0.0	0.0	113.0	30.0	9.0	8.0	0.0	0.0	0.0	4.808	1.01574690636	34.0	12.0	160.0	10380430.0	399169.0	11.0	0.0	0.0
238	0.0454545454545	0.0330303030303	0.0454545454545	0.0330303030303	233752.0	24471.0	317721.0	50679.0	8713.0	0.0	0.0	31.0	3.0	4.0	3.0	4.0	0.0	0.0	2.766	0.811378540388	5.0	3.0	45.0	635336.0	58304.0	3.0	0.0	0.0
239	0.4	0.322404371585	0.4	0.322404371585	0.0	29.0	0.0	7239.0	0.0	0.0	0.0	0.0	1.0	0.0	3.0	0.0	0.0	0.0	0.305	0.0293690859558	1.0	1.0	4.0	7268.0	0.0	0.0	1.0	1.0
240	0.122448979592	0.0750328966188	0.122448979592	0.0750328966188	1072975.0	952287.0	91326.0	148617.0	0.0	0.0	0.0	81.0	69.0	11.0	35.0	0.0	0.0	0.0	11.131	1.92149351634	67.0	35.0	196.0	2265205.0	607736.0	9.0	0.0	0.0
241	0.0794392523364	0.065214219715	0.0794392523364	0.065214219715	1196410.0	1037472.0	155037.0	51209.0	0.0	0.0	0.0	89.0	59.0	4.0	22.0	0.0	0.0	0.0	6.359	0.0	57.0	33.0	174.0	2440128.0	577863.0	23.0	16019.0	4.0
242	0.269565217391	0.253808553971	0.269565217391	0.253808553971	401959.0	1261955.0	81931.0	48521.0	0.0	0.0	0.0	141.0	73.0	6.0	54.0	0.0	0.0	1.0	13.864	2.08546803226	158.0	114.0	275.0	1794366.0	442878.0	13.0	15330.0	10.0
243	0.0615384615385	0.0925089179548	0.0615384615385	0.0925089179548	559001.0	139645.0	431416.0	15286.0	0.0	0.0	0.0	25.0	17.0	11.0	5.0	0.0	0.0	0.0	6.835	0.584957804165	19.0	10.0	58.0	1145348.0	369464.0	4.0	0.0	0.0
244	0.125440673507	0.152036866303	0.125440673507	0.152036866303	4868669.0	1002455.5	140234.0	130880.0	0.0	0.0	0.0	67.0	63.0	8.5	42.5	0.0	0.0	0.0	15.848	1.27869096475	66.5	31.0	181.0	6142238.5	369956.5	6.0	0.0	1.5
245	0.171206225681	0.182804251934	0.171206225681	0.182804251934	2094530.0	1352945.0	113786.0	146648.0	1944.0	181009.0	0.0	108.0	43.0	5.0	41.0	1.0	1.0	1.0	11.15	1.65440427531	75.0	42.0	200.0	3890862.0	2314605.0	13.0	0.0	1.0
246	0.108180191901	0.0176307553007	0.108180191901	0.0176307553007	805924.5	821274.5	43305.0	77596.0	0.0	0.0	0.0	73.0	42.5	9.0	26.0	0.0	0.0	0.0	8.4655	1.46161560867	44.0	23.0	150.5	1748100.0	375097.5	7.5	0.0	0.0
247	0.214046822742	0.182342174718	0.214046822742	0.182342174718	981342.0	1253642.0	96130.0	239395.0	584.0	0.0	0.0	114.0	69.0	9.0	48.0	2.0	0.0	0.0	14.751	2.95838618836	96.0	51.0	242.0	2571093.0	618191.0	15.0	5736.0	1.0
248	0.0483870967742	0.012808413105	0.0483870967742	0.012808413105	620607.0	272388.0	51685.0	28691.0	0.0	0.0	0.0	20.0	16.0	3.0	11.0	0.0	0.0	0.0	4.141	0.580143277322	22.0	9.0	50.0	973371.0	370017.0	5.0	0.0	0.0
249	0.0422535211268	0.0457551385165	0.0422535211268	0.0457551385165	1817642.0	297984.0	80463.0	57534.0	0.0	0.0	0.0	18.0	26.0	11.0	6.0	0.0	0.0	0.0	3.582	0.332255925455	18.0	12.0	61.0	2253623.0	474348.0	7.0	26.0	2.0
250	0.0882352941176	0.155022664132	0.0882352941176	0.155022664132	4038963.0	1485015.0	183320.0	149225.0	0.0	0.0	0.0	210.0	44.0	3.0	30.0	0.0	0.0	0.0	10.701	2.7233859236	41.0	23.0	287.0	5856523.0	389821.0	7.0	156944.0	6.0
251	0.08	0.0696402877698	0.08	0.0696402877698	967079.0	1748464.0	103256.0	71239.0	0.0	0.0	0.0	92.0	66.0	4.0	31.0	0.0	0.0	0.0	9.287	1.03210060281	64.0	36.0	193.0	2890038.0	593218.0	27.0	575.0	3.0
252	0.159090909091	0.0915599730458	0.159090909091	0.0915599730458	1294436.0	308508.0	29873.0	33328.0	3608.0	0.0	0.0	62.0	25.0	1.0	13.0	1.0	0.0	0.0	3.68	0.56211777686	35.0	21.0	102.0	1669753.0	372462.0	13.0	109668.0	4.0
253	0.4	0.222222222222	0.4	0.222222222222	0.0	29.0	0.0	7236.0	0.0	0.0	0.0	0.0	1.0	0.0	3.0	0.0	0.0	0.0	0.302	0.0472184312204	1.0	1.0	4.0	7265.0	0.0	0.0	1.0	1.0
254	0.00909090909091	0.00237662519223	0.00909090909091	0.00237662519223	197948.0	381389.0	37884.0	49866.0	7200.0	0.0	0.0	29.0	27.0	36.0	5.0	1.0	0.0	0.0	4.365	0.998225536751	21.0	13.0	98.0	674287.0	532892.0	12.0	0.0	0.0
255	0.239285714286	0.13748730105	0.239285714286	0.13748730105	2091756.0	981041.0	141130.0	82040.0	6177.0	0.0	0.0	102.0	60.0	9.0	51.0	1.0	0.0	0.0	10.846	2.51880187567	92.0	50.0	223.0	3302144.0	431766.0	10.0	50.0	4.0
256	0.0770871143376	0.0443925866339	0.0770871143376	0.0443925866339	1371573.5	1446953.0	340864.0	47994.5	0.0	0.0	0.0	98.0	48.0	22.0	23.0	0.0	0.0	0.0	8.675	1.19053327731	45.5	24.0	191.0	3207385.0	486807.5	7.0	14011.0	1.0
257	0.0392307692308	0.0528758107709	0.0392307692308	0.0528758107709	1052407.5	704221.0	61393.0	30387.5	0.0	0.0	0.0	58.5	18.5	3.0	7.0	0.0	0.0	0.0	10.282	1.22190995474	30.0	15.0	87.0	1848409.0	716111.0	12.0	0.0	0.0
258	0.0388349514563	0.0374321043935	0.0388349514563	0.0374321043935	877696.0	1051475.0	261031.0	32229.0	3774.0	0.0	0.0	26.0	43.0	14.0	4.5	1.0	0.0	0.0	7.63	1.3642299797	18.5	11.0	88.5	2226205.0	369913.0	6.0	64464.0	1.0
259	0.0929203539823	0.0806653809065	0.0929203539823	0.0806653809065	1003445.0	1741401.0	192792.0	135043.0	0.0	0.0	0.0	80.0	69.0	4.0	23.0	0.0	0.0	0.0	10.131	1.8028705506	63.0	37.0	176.0	3072681.0	594124.0	25.0	1132.0	6.0
260	0.25	0.341528239203	0.25	0.341528239203	1448.0	16022.0	0.0	1409.0	0.0	0.0	0.0	2.0	1.0	0.0	3.0	0.0	0.0	0.0	2.188	0.815755833719	5.0	3.0	6.0	18879.0	0.0	0.0	0.0	0.0
261	0.0734542667348	0.0609396715424	0.0734542667348	0.0609396715424	1967867.0	591685.0	36836.0	104708.0	0.0	0.0	0.0	56.0	17.5	2.0	20.0	0.0	0.0	0.0	6.779	1.97065355593	19.5	10.0	95.5	2701096.0	369503.0	5.0	0.0	1.0
262	0.064	0.0365098039216	0.064	0.0365098039216	1694643.0	614654.0	58647.0	30638.0	0.0	0.0	0.0	43.0	41.0	9.0	14.0	0.0	0.0	0.0	5.719	0.578777404492	36.0	17.0	107.0	2398582.0	369464.0	4.0	58.0	1.0
263	0.107438016529	0.0977608663837	0.107438016529	0.0977608663837	477762.0	941972.0	147446.0	50806.0	0.0	0.0	0.0	67.0	76.0	20.0	27.0	0.0	0.0	0.0	9.118	0.791851666493	65.0	36.0	190.0	1617986.0	421288.0	20.0	0.0	0.0
264	0.133333333333	0.22928409459	0.133333333333	0.22928409459	1172575.0	1231916.0	176604.0	129392.0	0.0	0.0	0.0	119.0	46.0	2.0	29.0	0.0	0.0	0.0	9.78	1.68555328499	52.0	31.0	196.0	2710487.0	380468.0	11.0	156944.0	6.0
265	0.016393442623	0.0055507778907	0.016393442623	0.0055507778907	498599.0	491370.0	96501.0	22748.0	0.0	0.0	0.0	32.0	9.0	6.0	4.0	0.0	0.0	0.0	3.726	0.617665097637	13.0	8.0	51.0	1109218.0	441360.0	5.0	0.0	0.0
266	0.283667621777	0.279779368619	0.283667621777	0.279779368619	170513.0	1254662.0	81598.0	52665.0	0.0	0.0	0.0	103.0	69.0	5.0	52.0	0.0	0.0	0.0	12.73	1.14089165909	139.0	102.0	229.0	1559438.0	442094.0	13.0	17059.0	9.0
267	0.206311962987	0.219523563497	0.206311962987	0.219523563497	3322329.5	2104644.0	546110.0	314872.0	1333.0	0.0	0.0	164.0	94.0	10.0	64.0	1.0	0.0	0.0	16.8015	2.60173689848	122.0	71.0	333.0	6289288.5	445230.5	17.5	32889.0	6.5
268	0.0333333333333	0.0595605242868	0.0333333333333	0.0595605242868	17251.0	1608917.0	543362.0	206969.0	5570.0	0.0	0.0	5.0	27.0	10.0	2.0	2.0	0.0	0.0	2.349	0.535763998164	10.0	6.0	46.0	2382069.0	401821.0	7.0	0.0	0.0
269	0.100558659218	0.0259363108352	0.100558659218	0.0259363108352	277719.0	1806063.0	305442.0	147833.0	0.0	0.0	0.0	60.0	46.0	6.0	15.0	0.0	0.0	0.0	6.663	0.629744647447	48.0	26.0	127.0	2537057.0	595706.0	16.0	0.0	1.0
270	0.0425531914894	0.0345633703685	0.0425531914894	0.0345633703685	3101585.0	1203739.0	178167.0	68479.0	182.0	0.0	0.0	214.0	52.0	22.0	51.0	1.0	0.0	0.0	10.893	0.0	51.0	26.0	340.0	4552152.0	661177.0	10.0	31021.0	3.0
271	0.101123595506	0.0889220481362	0.101123595506	0.0889220481362	2894786.0	2206919.0	105249.0	252575.0	25788.0	0.0	0.0	153.0	101.0	15.0	22.0	6.0	0.0	0.0	10.762	1.72341762814	65.0	43.0	297.0	5485317.0	435753.0	28.0	40987.0	7.0
272	0.077731092437	0.162165904999	0.077731092437	0.162165904999	3072258.0	1326546.0	176180.0	200177.0	0.0	0.0	0.0	345.0	43.0	2.0	25.0	0.0	0.0	0.0	11.647	2.07739688131	41.0	25.0	415.0	4775161.0	388409.0	12.0	156944.0	6.0
274	0.0657923213435	0.0114480520499	0.0657923213435	0.0114480520499	697037.5	870711.5	72464.0	268711.5	0.0	0.0	0.0	52.0	54.5	9.0	12.0	0.0	0.0	0.0	8.2685	2.04105266958	51.5	31.0	127.5	1908924.5	393589.0	14.0	0.0	0.0
275	0.0353356890459	0.0739774003833	0.0353356890459	0.0739774003833	21132855.0	1430171.0	206100.0	124942.0	929.0	0.0	-1.0	127.0	73.0	23.0	23.0	2.0	0.0	1.0	9.246	1.95083545889	58.0	25.0	249.0	22894996.0	1093332.0	14.0	58.0	1.0
276	0.4	0.32183908046	0.4	0.32183908046	0.0	29.0	0.0	7234.0	0.0	0.0	0.0	0.0	1.0	0.0	3.0	0.0	0.0	0.0	0.311	0.0347417278546	1.0	1.0	4.0	7263.0	0.0	0.0	1.0	1.0
277	0.190476190476	0.266201461654	0.190476190476	0.266201461654	905002.0	815978.0	95277.0	110195.0	1692.0	0.0	0.0	114.0	85.0	19.0	40.0	3.0	0.0	0.0	10.079	3.21225504422	69.0	38.0	261.0	1928144.0	437825.0	13.0	0.0	0.0
278	0.0933687229762	0.215142961604	0.0933687229762	0.215142961604	12761362.0	1495127.5	183320.0	153267.5	0.0	0.0	0.0	228.0	47.5	3.0	29.5	0.0	0.0	0.0	11.7585	2.83712705699	49.0	28.0	308.0	14593077.0	385926.0	8.5	156944.0	6.0
279	0.205601973521	0.110216653379	0.205601973521	0.110216653379	755682.5	881450.0	108206.5	107208.5	0.0	0.0	0.0	97.5	51.0	13.5	39.0	0.0	0.0	0.0	9.529	1.37671896528	70.0	46.0	201.0	1852547.5	371640.5	16.0	2.0	2.0
280	0.0602409638554	0.0689777777778	0.0602409638554	0.0689777777778	458148.0	1350626.0	211887.0	196568.0	182.0	0.0	0.0	22.0	25.0	2.0	10.0	1.0	0.0	0.0	8.832	1.3329995786	19.0	8.0	60.0	2217411.0	1037712.0	12.0	49755.0	1.0
281	0.0160642570281	0.0463443021902	0.0160642570281	0.0463443021902	3276371.0	158791.0	386304.0	58876.0	0.0	0.0	0.0	199.0	5.0	18.0	4.0	0.0	0.0	0.0	5.402	0.639753096664	20.0	11.0	226.0	3880342.0	449524.0	6.0	0.0	0.0
282	0.0744680851064	0.0812038108806	0.0744680851064	0.0812038108806	1640918.0	900223.0	281337.0	157292.0	39820.0	0.0	0.0	28.0	28.0	13.0	11.0	4.0	0.0	0.0	6.578	1.53507632818	29.0	17.0	84.0	3019590.0	436088.0	5.0	0.0	0.0
283	0.02	0.00131137986303	0.02	0.00131137986303	1472860.0	837461.0	310688.0	112743.0	0.0	0.0	0.0	23.0	28.0	16.0	5.0	0.0	0.0	0.0	7.194	1.38204693422	26.0	14.0	72.0	2733752.0	572439.0	21.0	0.0	0.0
284	0.4	0.28813559322	0.4	0.28813559322	0.0	29.0	0.0	7239.0	0.0	0.0	0.0	0.0	1.0	0.0	3.0	0.0	0.0	0.0	0.304	0.0488909090492	1.0	1.0	4.0	7268.0	0.0	0.0	1.0	1.0
285	0.25	0.397260273973	0.25	0.397260273973	0.0	29.0	0.0	7657.0	0.0	0.0	0.0	0.0	1.0	0.0	3.0	0.0	0.0	0.0	0.302	0.0614889330603	2.0	1.0	4.0	7686.0	0.0	0.0	1.0	1.0
287	0.174945303659	0.0893847997592	0.174945303659	0.0893847997592	561424.0	1487101.5	116886.0	79783.0	0.0	0.0	0.0	70.0	71.5	10.0	43.0	0.0	0.0	0.0	11.624	4.79740232932	74.5	40.0	194.5	2245194.5	479232.0	23.5	0.0	0.0
288	0.216637781629	0.114102933311	0.216637781629	0.114102933311	724185.0	1097245.0	121641.0	152656.0	664.0	0.0	0.0	193.0	131.0	32.0	82.0	1.0	0.0	0.0	13.853	5.52320279691	94.0	57.0	439.0	2096391.0	377314.0	24.0	0.0	0.0
289	0.124542124542	0.097794595873	0.124542124542	0.097794595873	1327067.0	1106906.0	106684.0	118728.0	0.0	0.0	0.0	109.0	69.0	16.0	39.0	0.0	0.0	0.0	8.57	2.43982748834	73.0	42.0	233.0	2659385.0	408966.0	14.0	0.0	0.0
290	0.0344827586207	0.0531749235827	0.0344827586207	0.0531749235827	705336.0	87078.0	20453.0	13960.0	0.0	0.0	0.0	22.0	15.0	9.0	4.0	0.0	0.0	0.0	5.313	4.38815421699	11.0	6.0	50.0	826827.0	369464.0	4.0	0.0	0.0
291	0.0157068062827	0.00520365378856	0.0157068062827	0.00520365378856	3401882.0	722919.0	82287.0	46702.0	0.0	0.0	0.0	136.0	29.0	7.0	14.0	0.0	0.0	0.0	7.341	1.3212451572	29.0	11.0	186.0	4253790.0	434916.0	5.0	0.0	0.0
292	0.134328358209	0.0412771973922	0.134328358209	0.0412771973922	1022630.0	548118.0	85796.0	58907.0	8885.0	0.0	0.0	40.0	41.0	18.0	15.0	2.0	0.0	0.0	6.229	0.913808027493	33.0	20.0	116.0	1724336.0	413954.0	6.0	0.0	0.0
293	0.114173228346	0.153868922042	0.114173228346	0.153868922042	965458.0	1544064.0	140134.0	102790.0	0.0	0.0	0.0	106.0	57.0	3.0	25.0	0.0	0.0	0.0	18.908	2.56267880677	63.0	36.0	191.0	2752446.0	382025.0	11.0	156944.0	6.0
294	0.118421052632	0.0286174620224	0.118421052632	0.0286174620224	3667154.0	522292.0	74710.0	53239.0	892.0	0.0	0.0	58.0	44.0	2.0	35.0	2.0	0.0	0.0	7.17	0.895850116983	36.0	22.0	141.0	4318287.0	412302.0	9.0	0.0	3.0
295	0.0387335261974	0.0214621711979	0.0387335261974	0.0214621711979	954759.0	830271.0	96982.0	214821.0	0.0	0.0	0.0	71.5	44.0	14.0	23.0	0.0	0.0	0.0	9.2725	2.12880476662	40.5	21.0	152.5	2096833.0	470814.0	8.0	0.0	0.0
296	0.118852459016	0.148480176211	0.118852459016	0.148480176211	840779.0	1062243.0	221520.0	83570.0	0.0	0.0	0.0	59.0	90.0	32.0	16.0	0.0	0.0	0.0	9.753	1.8526669732	46.0	28.0	197.0	2208112.0	379084.0	12.0	2.0	1.0
297	0.0379746835443	0.0300844034653	0.0379746835443	0.0300844034653	845205.0	698090.0	16098.0	45044.0	0.0	0.0	0.0	19.0	27.0	6.0	20.0	0.0	0.0	0.0	8.681	1.61366059957	23.0	10.0	72.0	1604437.0	369464.0	4.0	0.0	0.0
298	0.102777777778	0.190476190476	0.102777777778	0.190476190476	5123383.0	1322063.0	176180.0	143165.0	0.0	0.0	0.0	239.0	43.0	2.0	29.0	0.0	0.0	0.0	11.665	3.39705532978	51.0	31.0	313.0	6764791.0	387372.0	11.0	156944.0	6.0
299	0.0666666666667	0.0706063784166	0.0666666666667	0.0706063784166	208234.0	139645.0	256082.0	5319.5	0.0	0.0	0.0	7.0	6.0	7.0	3.0	0.0	0.0	0.0	5.8895	4.96736218826	8.0	5.0	23.0	609280.5	424684.0	5.0	0.0	0.0
300	0.0432569974555	0.0581605351171	0.0432569974555	0.0581605351171	1106876.0	2490421.0	207050.0	66536.0	3989.0	0.0	0.0	252.0	78.0	9.0	26.0	4.0	0.0	0.0	17.238	0.890108454754	62.0	29.0	369.0	3874872.0	401031.0	12.0	0.0	0.0
301	0.0824742268041	0.00229447435105	0.0824742268041	0.00229447435105	768996.0	193982.0	16810.0	20322.0	0.0	0.0	0.0	43.0	18.0	6.0	11.0	0.0	0.0	0.0	6.021	1.90438280725	28.0	15.0	78.0	1000110.0	369464.0	5.0	0.0	1.0
302	0.0869565217391	0.071870621205	0.0869565217391	0.071870621205	1207229.0	1322594.0	102436.0	58117.0	0.0	0.0	0.0	77.0	62.0	3.0	21.0	0.0	0.0	0.0	7.539	1.30196760878	61.0	37.0	163.0	2690376.0	593063.0	25.0	505.0	5.0
303	0.0590717299578	0.0609137916419	0.0590717299578	0.0609137916419	479162.0	1329297.0	639560.0	273961.0	5832.0	0.0	0.0	101.0	73.0	19.0	18.0	2.0	0.0	0.0	13.15	4.49443369316	51.0	35.0	213.0	2727812.0	444953.0	13.0	1414.0	3.0
304	0.0592105263158	0.143546533895	0.0592105263158	0.143546533895	1040252.0	705422.0	196292.0	127487.0	182.0	0.0	0.0	53.0	48.0	11.0	21.0	1.0	0.0	0.0	7.569	1.45757185562	19.0	7.0	134.0	2069635.0	371637.0	5.0	0.0	0.0
305	0.0350194552529	0.124540085954	0.0350194552529	0.124540085954	1496261.0	763575.0	327625.0	70319.0	0.0	0.0	0.0	155.0	62.0	7.0	9.0	0.0	0.0	0.0	14.371	3.10308953572	38.0	21.0	233.0	2657780.0	528903.0	14.0	0.0	1.0
306	0.226315789474	0.241381756277	0.226315789474	0.241381756277	3176515.0	1833123.0	64558.0	515946.0	119705.0	0.0	0.0	182.0	110.0	13.0	119.0	6.0	0.0	0.0	18.973	2.17235934208	142.0	75.0	430.0	5709847.0	398192.0	34.0	5298.0	6.0
307	0.063829787234	0.0668459773752	0.063829787234	0.0668459773752	2171400.0	498948.0	107350.0	23164.0	0.0	0.0	0.0	64.0	38.0	5.0	6.0	0.0	0.0	0.0	7.062	1.05400995615	42.0	19.0	113.0	2800862.0	369713.0	8.0	58.0	2.0
308	0.200743494424	0.103828754276	0.200743494424	0.103828754276	936510.0	1462602.0	114795.0	81981.0	0.0	0.0	0.0	79.0	65.0	8.0	46.0	0.0	0.0	0.0	11.118	1.34623987553	71.0	38.0	198.0	2595888.0	496849.0	26.0	0.0	0.0
309	0.0871463831403	0.0808485482896	0.0871463831403	0.0808485482896	1025923.0	1345753.5	192792.0	113683.5	0.0	0.0	0.0	86.0	63.5	4.0	28.0	0.0	0.0	0.0	8.3145	1.06241493042	59.5	34.0	181.5	2678152.0	592977.0	25.0	502.0	3.0
310	0.0205479452055	0.00861130674179	0.0205479452055	0.00861130674179	1291066.0	1304169.0	134176.0	100627.0	0.0	0.0	0.0	119.0	60.0	19.0	18.0	0.0	0.0	0.0	11.493	1.08849238558	45.0	19.0	216.0	2830038.0	393941.0	8.0	1.0	1.0
311	0.0261437908497	0.01316839585	0.0261437908497	0.01316839585	1064159.0	1234710.0	243305.0	131521.0	0.0	0.0	0.0	40.0	63.0	19.0	13.0	0.0	0.0	0.0	6.862	1.00282336	44.0	20.0	135.0	2673695.0	605443.0	8.0	0.0	0.0
312	0.241206030151	0.198659087597	0.241206030151	0.198659087597	269644.0	2695316.0	324874.0	149039.0	2778.0	0.0	0.0	132.0	101.0	7.0	67.0	1.0	0.0	0.0	14.377	2.48154577402	119.0	69.0	308.0	3441651.0	371094.0	8.0	1.0	5.0
313	0.0917539125742	0.0323684224129	0.0917539125742	0.0323684224129	6477380.0	1497560.0	156703.0	375008.5	0.0	0.0	0.0	166.0	79.5	16.0	41.0	0.0	0.0	0.0	14.695	1.241872924	71.5	41.0	302.5	8506651.5	541842.5	11.5	0.0	0.0
314	0.0653467908903	0.0161313702512	0.0653467908903	0.0161313702512	4303165.0	944328.5	123906.0	29388.5	0.0	0.0	0.0	83.0	41.5	7.0	17.5	0.0	0.0	0.0	8.1735	0.655669838791	43.5	23.0	149.0	5400788.0	427565.0	9.5	0.0	0.0
315	0.00847457627119	0.00839379712619	0.00847457627119	0.00839379712619	941111.0	220654.0	21863.0	46185.0	0.0	0.0	0.0	90.0	13.0	5.0	2.0	0.0	0.0	0.0	3.338	6.63253028268	6.0	3.0	110.0	1229813.0	58237.0	3.0	0.0	1.0
316	0.0243902439024	0.0151684694766	0.0243902439024	0.0151684694766	268977.0	72107.0	46517.0	33788.0	0.0	0.0	0.0	14.0	10.0	6.0	2.0	0.0	0.0	0.0	2.341	0.701566888305	7.0	5.0	32.0	421389.0	57090.0	2.0	0.0	0.0
317	0.223943879124	0.195832610429	0.223943879124	0.195832610429	176476.0	1446058.0	81764.5	46391.5	0.0	0.0	0.0	87.5	69.0	5.5	36.5	0.0	0.0	0.0	13.6825	1.77296480154	99.5	61.0	198.5	1750690.0	443637.0	16.0	20863.0	7.0
318	0.202702702703	0.231945536831	0.202702702703	0.231945536831	1476659.0	1530277.0	337811.0	281284.0	0.0	0.0	0.0	108.0	82.0	15.0	54.0	0.0	0.0	0.0	19.189	2.08921822113	85.0	39.0	259.0	3626031.0	767063.0	14.0	0.0	0.0
319	0.00854700854701	0.00214835591096	0.00854700854701	0.00214835591096	354707.0	383368.0	37132.0	50205.0	7200.0	0.0	0.0	36.0	28.0	34.0	6.0	1.0	0.0	0.0	5.035	1.64921571334	22.0	14.0	105.0	832612.0	532892.0	12.0	0.0	0.0
320	0.119488850423	0.0780984163751	0.119488850423	0.0780984163751	241849.5	1282343.0	45421.0	111781.0	0.0	0.0	0.0	93.5	76.5	3.0	51.0	0.0	0.0	0.0	16.2575	3.24989905372	82.5	47.0	224.0	1681394.5	446350.5	18.0	502235.0	15.5
321	0.0666666666667	0.0429015544041	0.0666666666667	0.0429015544041	852202.0	747693.0	59706.0	67081.0	0.0	0.0	0.0	46.0	22.0	3.0	9.0	0.0	0.0	0.0	3.532	0.806794770973	14.0	11.0	80.0	1726682.0	449471.0	9.0	0.0	0.0
322	0.037037037037	0.0864748422834	0.037037037037	0.0864748422834	309911.0	712314.0	59047.0	104147.0	0.0	0.0	0.0	21.0	35.0	8.0	25.0	0.0	0.0	0.0	6.841	1.18686619213	21.0	10.0	89.0	1185419.0	445740.0	9.0	0.0	0.0
323	0.0670092281879	0.0492262351565	0.0670092281879	0.0492262351565	493956.0	463230.0	172637.0	33387.0	0.0	0.0	0.0	19.0	20.5	12.0	26.0	0.0	0.0	0.0	6.3195	1.0405	16.0	10.5	77.5	1163210.0	399735.5	8.0	0.0	0.0
324	0.0246913580247	0.0143573218761	0.0246913580247	0.0143573218761	572145.0	1772649.0	315312.0	311115.0	0.0	0.0	0.0	57.0	69.0	24.0	17.0	0.0	0.0	0.0	8.863	2.35448420605	50.0	24.0	167.0	2971221.0	604762.0	8.0	0.0	0.0
325	0.0625	0.00482600965202	0.0625	0.00482600965202	217388.0	248883.0	48075.0	31094.0	0.0	0.0	0.0	6.0	8.0	1.0	6.0	0.0	0.0	0.0	4.2	1.11166672775	17.0	10.0	21.0	545440.0	626795.0	10.0	0.0	0.0
326	0.017094017094	0.0682009820941	0.017094017094	0.0682009820941	1200496.0	1067026.0	682985.0	88408.0	4781.0	0.0	0.0	29.0	30.0	33.0	5.0	1.0	0.0	0.0	6.87	1.28787956649	20.0	11.0	98.0	3043696.0	659844.0	14.0	0.0	0.0
328	0.144329896907	0.0867785509619	0.144329896907	0.0867785509619	632394.0	1216593.0	68997.0	100600.0	0.0	0.0	0.0	56.0	69.0	9.0	42.0	0.0	0.0	0.0	12.041	1.23844526188	76.0	33.0	176.0	2018584.0	457636.0	22.0	0.0	0.0
329	0.125	0.174118151603	0.125	0.174118151603	208234.0	139645.0	256082.0	5553.0	0.0	0.0	0.0	7.0	6.0	7.0	5.0	0.0	0.0	0.0	5.399	0.330507488569	10.0	7.0	25.0	609514.0	424684.0	5.0	0.0	0.0
330	0.17345626072	0.032097168761	0.17345626072	0.032097168761	2606692.0	845903.0	43090.0	85861.5	0.0	0.0	0.0	82.0	48.0	9.0	37.5	0.0	0.0	0.0	9.624	1.38870763262	57.0	31.0	176.5	3581546.5	377404.0	10.0	0.0	0.0
331	0.0416666666667	0.0260808681953	0.0416666666667	0.0260808681953	214429.0	923987.0	105894.0	79296.0	0.0	0.0	0.0	17.0	14.0	3.0	7.0	0.0	0.0	0.0	6.148	1.14111806771	11.0	4.0	41.0	1323606.0	369576.0	5.0	0.0	0.0
332	0.0	0.0	0.0	0.0	100557.0	159926.0	17494.0	27652.0	0.0	0.0	0.0	8.0	5.0	3.0	1.0	0.0	0.0	0.0	0.725	0.437747517285	2.0	2.0	17.0	305629.0	0.0	0.0	1662.0	1.0
333	0.162790697674	0.0843745740379	0.162790697674	0.0843745740379	1257139.0	1270219.0	67400.0	78513.0	0.0	0.0	0.0	117.0	68.0	6.0	20.0	0.0	0.0	0.0	8.797	4.47283884776	66.0	37.0	211.0	2673271.0	761394.0	38.0	2.0	1.0
334	0.0583333333333	0.0136594884661	0.0583333333333	0.0136594884661	2810513.0	1079024.0	166579.0	73439.0	48279.0	0.0	0.0	40.0	24.0	6.0	12.0	5.0	0.0	0.0	7.273	1.96875307407	32.0	13.0	87.0	4177834.0	554883.0	12.0	0.0	0.0
335	0.122549019608	0.0492368605914	0.122549019608	0.0492368605914	810255.0	1049588.0	87555.0	107411.0	0.0	0.0	0.0	73.0	60.0	12.0	29.0	0.0	0.0	0.0	6.401	0.737446662645	55.0	36.0	174.0	2054809.0	406606.0	12.0	0.0	0.0
336	0.0675675675676	0.0537214736737	0.0675675675676	0.0537214736737	959447.0	925284.0	79309.0	8156.0	1931.0	0.0	0.0	34.0	14.0	4.0	6.0	1.0	0.0	0.0	8.262	1.78070997077	23.0	14.0	59.0	1974127.0	444147.0	9.0	0.0	0.0
337	0.0670731707317	0.0131656348917	0.0670731707317	0.0131656348917	476958.0	965095.0	91677.0	295959.0	0.0	0.0	0.0	40.0	61.0	14.0	24.0	0.0	0.0	0.0	13.568	2.62541302571	46.0	20.0	139.0	1829689.0	609019.0	10.0	0.0	0.0
338	0.0183486238532	0.0576066790353	0.0183486238532	0.0576066790353	3114029.0	277867.0	205406.0	25072.0	0.0	0.0	0.0	45.0	27.0	22.0	5.0	0.0	0.0	0.0	4.947	0.521518604003	12.0	7.0	99.0	3622374.0	503328.0	6.0	56780.0	1.0
339	0.0731707317073	0.102735763286	0.0731707317073	0.102735763286	3093130.0	954580.0	72705.0	21943.0	0.0	0.0	0.0	18.0	23.0	7.0	11.0	0.0	0.0	0.0	5.956	0.714947153361	13.0	11.0	59.0	4142358.0	825589.0	15.0	4.0	4.0
340	0.115523465704	0.0394880725771	0.115523465704	0.0394880725771	2035648.0	1291111.0	144609.0	206948.0	0.0	0.0	0.0	106.0	81.0	15.0	30.0	0.0	0.0	0.0	10.346	0.627005424593	57.0	30.0	232.0	3678316.0	442840.0	15.0	0.0	0.0
341	0.261437908497	0.100881822206	0.261437908497	0.100881822206	717956.0	373241.0	11607.0	20805.0	735.0	0.0	0.0	69.0	14.0	2.0	18.0	6.0	0.0	0.0	4.489	0.838276008643	29.0	18.0	109.0	1124344.0	613711.0	17.0	0.0	0.0
342	0.063829787234	0.0064445358563	0.063829787234	0.0064445358563	60043.0	373482.0	91836.0	18112.0	0.0	0.0	0.0	7.0	15.0	4.0	4.0	0.0	0.0	0.0	3.708	0.643951343918	18.0	12.0	30.0	543473.0	246482.0	12.0	33.0	1.0
343	0.4	0.313253012048	0.4	0.313253012048	0.0	29.0	0.0	7239.0	0.0	0.0	0.0	0.0	1.0	0.0	3.0	0.0	0.0	0.0	0.303	0.0413031550524	1.0	1.0	4.0	7268.0	0.0	0.0	1.0	1.0
344	0.230927835052	0.220178231885	0.230927835052	0.220178231885	861307.0	875051.0	22132.0	141644.0	1895.0	0.0	0.0	203.0	75.0	5.0	79.0	4.0	0.0	0.0	13.803	3.92433050042	127.0	70.0	366.0	1902029.0	419794.0	17.0	0.0	3.0
345	0.239285714286	0.26472004709	0.239285714286	0.26472004709	214605.0	1141035.0	81598.0	47720.0	0.0	0.0	0.0	101.0	67.0	5.0	42.0	0.0	0.0	0.0	13.172	1.38367851115	104.0	66.0	215.0	1484958.0	441913.0	12.0	17834.0	6.0
346	0.109467455621	0.169714964371	0.109467455621	0.169714964371	4395241.0	1317878.0	176180.0	142651.0	0.0	0.0	0.0	220.0	46.0	2.0	31.0	0.0	0.0	0.0	11.124	1.18294313859	54.0	32.0	299.0	6031950.0	388622.0	13.0	156944.0	6.0
347	0.126637554585	0.216665477634	0.126637554585	0.216665477634	1356437.0	1355597.0	183320.0	129952.0	0.0	0.0	0.0	112.0	48.0	3.0	26.0	0.0	0.0	0.0	10.314	2.38659245695	51.0	29.0	189.0	3025306.0	382438.0	11.0	156944.0	6.0
348	0.027027027027	0.00351710190803	0.027027027027	0.00351710190803	3505381.0	366007.0	234624.0	38448.0	0.0	0.0	0.0	35.0	15.0	5.0	5.0	0.0	0.0	0.0	4.092	1.1834751819	24.0	16.0	60.0	4144460.0	685556.0	13.0	0.0	0.0
349	0.0740740740741	0.237537537538	0.0740740740741	0.237537537538	83833.0	105600.0	93121.0	16557.0	10279.0	0.0	0.0	9.0	4.0	5.0	3.0	4.0	0.0	0.0	3.632	0.924338682518	5.0	4.0	25.0	309390.0	369464.0	4.0	0.0	0.0
350	0.0810810810811	0.0097346522217	0.0810810810811	0.0097346522217	107080.0	352574.0	91905.0	19341.0	0.0	0.0	0.0	4.0	13.0	4.0	4.0	0.0	0.0	0.0	2.543	0.392471497746	16.0	10.0	25.0	570900.0	57276.0	4.0	33.0	1.0
351	0.109144542773	0.234508196721	0.109144542773	0.234508196721	2206820.0	1390977.0	176180.0	173800.0	0.0	0.0	0.0	210.0	48.0	2.0	32.0	0.0	0.0	0.0	11.239	2.4135616886	56.0	32.0	292.0	3947777.0	381271.0	11.0	156944.0	6.0
352	0.0357142857143	0.0336350945693	0.0357142857143	0.0336350945693	1697016.5	1346340.5	243568.0	74592.0	0.0	0.0	0.0	58.5	43.0	8.0	14.0	0.0	0.0	0.0	6.9485	1.69264755173	29.0	10.0	123.5	3361517.0	429031.0	10.0	0.0	0.0
353	0.175	0.0859587215354	0.175	0.0859587215354	718422.0	1055642.0	167371.0	187743.0	6342.0	0.0	0.0	74.0	40.0	14.0	30.0	6.0	0.0	0.0	10.474	1.8363344191	54.0	32.0	164.0	2135520.0	646350.0	18.0	0.0	0.0
354	0.241379310345	0.198157375766	0.241379310345	0.198157375766	514655.0	1231128.0	81598.0	56767.0	0.0	0.0	0.0	111.0	75.0	5.0	43.0	0.0	0.0	0.0	12.71	2.75048561204	106.0	72.0	234.0	1884148.0	441324.0	15.0	22520.0	7.0
355	0.0344827586207	0.0226544133362	0.0344827586207	0.0226544133362	208276.0	139645.0	256082.0	5552.0	0.0	0.0	0.0	8.0	6.0	7.0	4.0	0.0	0.0	0.0	6.132	1.62227120931	11.0	6.0	25.0	609555.0	424739.0	6.0	0.0	0.0
356	0.162610907489	0.0625309163268	0.162610907489	0.0625309163268	397176.0	1648098.0	179852.5	41772.0	0.0	0.0	0.0	94.0	71.5	11.0	29.5	0.0	0.0	0.0	10.491	2.3899965187	87.0	46.0	206.0	2266898.5	485101.5	26.5	25020.5	3.5
357	0.047619047619	0.113166438824	0.047619047619	0.113166438824	2038268.0	462093.0	11256.0	56250.0	0.0	0.0	0.0	99.0	27.0	6.0	35.0	0.0	0.0	0.0	9.761	2.55875150883	26.0	11.0	167.0	2567867.0	369464.0	4.0	0.0	0.0
358	0.113636363636	0.0210409271693	0.113636363636	0.0210409271693	7346367.0	991793.0	74710.0	55152.0	892.0	0.0	0.0	64.0	50.0	2.0	35.0	2.0	0.0	0.0	7.567	0.581222232843	45.0	26.0	153.0	8468914.0	434320.0	13.0	0.0	2.0
359	0.121863799283	0.214523178066	0.121863799283	0.214523178066	1153236.0	1568566.0	183713.0	134748.0	0.0	0.0	0.0	145.0	54.0	4.0	31.0	0.0	0.0	0.0	10.408	1.96662934679	61.0	34.0	234.0	3040263.0	386587.0	11.0	156944.0	6.0
360	0.0999080284795	0.207168631045	0.0999080284795	0.207168631045	5109928.0	1321137.0	176180.0	161232.5	0.0	0.0	0.0	304.5	44.5	2.0	31.0	0.0	0.0	0.0	11.9585	2.18869998158	55.0	34.0	382.0	6768477.5	389113.0	13.0	156944.0	6.0
361	0.272445820433	0.16944243302	0.272445820433	0.16944243302	509600.0	1821012.0	246524.0	180958.0	182.0	0.0	0.0	91.0	68.0	8.0	77.0	1.0	0.0	0.0	13.563	2.52583152425	105.0	61.0	245.0	2758276.0	442728.0	14.0	2.0	5.0
362	0.10460251046	0.203976688378	0.10460251046	0.203976688378	1478343.0	1303143.0	176180.0	130452.0	0.0	0.0	0.0	156.0	41.0	2.0	24.0	0.0	0.0	0.0	9.203	1.99332338038	46.0	29.0	223.0	3088118.0	384025.0	10.0	156944.0	6.0
363	0.0	0.0	0.0	0.0	208234.0	139645.0	256082.0	4534.0	0.0	0.0	0.0	7.0	6.0	7.0	1.0	0.0	0.0	0.0	5.137	0.0	7.0	5.0	21.0	608495.0	424684.0	5.0	0.0	0.0
364	0.288990825688	0.113417939872	0.288990825688	0.113417939872	1804240.0	554973.0	156748.0	148001.0	0.0	0.0	0.0	73.0	40.0	12.0	32.0	0.0	0.0	0.0	9.195	6.80324525684	94.0	77.0	157.0	2663962.0	533711.0	10.0	28.0	4.0
365	0.101851851852	0.108753456711	0.101851851852	0.108753456711	1097123.0	1267300.0	101838.0	40005.0	0.0	0.0	0.0	78.0	63.0	2.0	27.0	0.0	0.0	0.0	8.618	1.55295395939	61.0	35.0	170.0	2506266.0	601638.0	25.0	1135.0	7.0
366	0.0363636363636	0.0107659724673	0.0363636363636	0.0107659724673	85938.0	640680.0	67881.0	55798.0	0.0	0.0	0.0	22.0	20.0	4.0	3.0	0.0	0.0	0.0	6.106	0.955591381757	14.0	7.0	49.0	850297.0	369464.0	4.0	0.0	0.0
367	0.135242338622	0.0830885748569	0.135242338622	0.0830885748569	646457.0	1106459.5	117958.0	160734.5	7796.0	0.0	0.0	68.0	56.5	8.0	33.5	6.0	0.0	0.0	8.688	1.37944757399	58.5	30.5	172.0	2039405.0	391591.0	10.0	0.0	0.0
368	0.0434782608696	0.00814215240193	0.0434782608696	0.00814215240193	572283.0	2266724.0	90574.0	107921.0	3519.0	0.0	0.0	63.0	64.0	8.0	19.0	4.0	0.0	0.0	7.387	1.51301123183	47.0	21.0	158.0	3041021.0	371175.0	9.0	0.0	0.0
369	0.4	0.338461538462	0.4	0.338461538462	0.0	29.0	0.0	7237.0	0.0	0.0	0.0	0.0	1.0	0.0	3.0	0.0	0.0	0.0	0.345	0.0422087697868	1.0	1.0	4.0	7266.0	0.0	0.0	1.0	1.0
370	0.0370295244535	0.00486428108569	0.0370295244535	0.00486428108569	1010548.0	725133.5	45369.0	66974.0	0.0	0.0	0.0	67.0	37.0	10.0	17.5	0.0	0.0	0.0	9.2105	0.772019095862	35.5	15.0	131.5	1848024.5	374328.0	6.0	0.0	0.0
371	0.0700934579439	0.0684647302905	0.0700934579439	0.0684647302905	637634.0	1118452.0	125391.0	135673.0	0.0	0.0	1717075.0	65.0	60.0	10.0	32.0	0.0	0.0	1.0	10.13	1.28823072276	54.0	23.0	168.0	3734225.0	472880.0	21.0	15516.0	1.0
372	0.121212121212	0.14494047619	0.121212121212	0.14494047619	1446231.0	905673.0	176180.0	90007.0	0.0	0.0	0.0	105.0	12.0	2.0	9.0	0.0	0.0	0.0	5.796	2.35360291185	17.0	10.0	128.0	2618091.0	380989.0	5.0	156944.0	6.0
373	0.0923076923077	0.058648111332	0.0923076923077	0.058648111332	958934.0	1309613.0	54700.0	49075.0	0.0	0.0	0.0	64.0	63.0	2.0	22.0	0.0	0.0	0.0	7.887	1.07903085231	58.0	33.0	151.0	2372322.0	580105.0	24.0	1129.0	5.0
374	0.00847457627119	0.0149679258731	0.00847457627119	0.0149679258731	528820.0	277298.0	3496.0	32751.0	0.0	0.0	0.0	97.0	10.0	2.0	7.0	0.0	0.0	0.0	2.521	0.677688955929	14.0	7.0	116.0	842365.0	265.0	1.0	0.0	0.0
375	0.11320754717	0.0774018672824	0.11320754717	0.0774018672824	1028901.0	1587358.0	135535.0	118222.0	402.0	0.0	0.0	89.0	73.0	12.0	47.0	1.0	0.0	0.0	13.933	2.18880464587	74.0	34.0	222.0	2870418.0	478680.0	23.0	0.0	0.0
376	0.236111111111	0.23941624749	0.236111111111	0.23941624749	29879.0	129088.0	23963.0	12467.0	0.0	0.0	0.0	26.0	18.0	2.0	10.0	0.0	0.0	0.0	10.079	2.7447430157	30.0	17.0	56.0	195397.0	369464.0	6.0	1.0	1.0
377	0.195748786257	0.10123062464	0.195748786257	0.10123062464	833949.0	1487860.0	32316.0	98836.5	0.0	0.0	0.0	87.5	77.0	6.0	46.5	0.0	0.0	0.0	12.3425	1.3797170396	95.5	53.5	217.0	2452961.5	556411.5	19.0	200803.0	12.0
378	0.232142857143	0.120758749666	0.232142857143	0.120758749666	1053069.0	591687.0	30990.0	26966.0	0.0	0.0	0.0	69.0	48.0	11.0	41.0	0.0	0.0	0.0	8.673	1.28803609719	54.0	27.0	169.0	1702712.0	370269.0	7.0	0.0	0.0
379	0.0526315789474	0.0164817749604	0.0526315789474	0.0164817749604	660043.0	318180.0	75031.0	17401.0	0.0	0.0	0.0	9.0	13.0	5.0	3.0	0.0	0.0	0.0	3.069	1.43489999652	13.0	8.0	30.0	1070655.0	66934.0	2.0	0.0	0.0
380	0.0807174887892	0.0153302108609	0.0807174887892	0.0153302108609	1429558.0	1349704.0	181516.0	90495.0	0.0	0.0	0.0	81.0	71.0	17.0	26.0	0.0	0.0	0.0	9.144	3.98909725237	60.0	37.0	195.0	3051273.0	415737.0	16.0	61812.0	1.0
381	0.0505415162455	0.049504950495	0.0505415162455	0.049504950495	2472074.0	1527121.0	133440.0	125312.0	0.0	0.0	0.0	129.0	72.0	17.0	20.0	0.0	0.0	0.0	11.335	4.15411546124	59.0	37.0	238.0	4257947.0	719906.0	17.0	0.0	0.0
382	0.100334448161	0.0456740802576	0.100334448161	0.0456740802576	2475454.0	1183291.0	322741.0	132075.0	0.0	0.0	0.0	156.0	61.0	23.0	28.0	0.0	0.0	0.0	10.338	2.55833708047	60.0	29.0	268.0	4113561.0	442723.0	11.0	0.0	0.0
383	0.147058823529	0.246410719983	0.147058823529	0.246410719983	208276.0	139645.0	256082.0	5566.0	0.0	0.0	0.0	8.0	6.0	7.0	6.0	0.0	0.0	0.0	7.949	2.83454856728	12.0	6.0	27.0	609569.0	424684.0	5.0	0.0	0.0
384	0.0078125	0.0150247050519	0.0078125	0.0150247050519	5053425.0	824665.0	227065.0	170918.0	0.0	0.0	0.0	41.0	34.0	19.0	9.0	0.0	0.0	0.0	5.2	1.75649472769	21.0	12.0	103.0	6276073.0	436088.0	5.0	0.0	0.0
385	0.09375	0.0672392967387	0.09375	0.0672392967387	208276.0	139645.0	256082.0	5622.0	0.0	0.0	0.0	8.0	6.0	7.0	4.0	0.0	0.0	0.0	6.528	1.86255623496	10.0	6.0	25.0	609625.0	424684.0	5.0	0.0	0.0
386	0.152777777778	0.223390000837	0.152777777778	0.223390000837	5265.0	536174.0	35401.0	49473.0	0.0	0.0	0.0	15.0	21.0	6.0	16.0	0.0	0.0	0.0	7.606	1.15500669658	28.0	15.0	58.0	626313.0	453224.0	5.0	0.0	1.0
387	0.4	0.2875	0.4	0.2875	0.0	29.0	0.0	7234.0	0.0	0.0	0.0	0.0	1.0	0.0	3.0	0.0	0.0	0.0	0.347	0.0880867978225	1.0	1.0	4.0	7263.0	0.0	0.0	1.0	1.0
388	0.027027027027	0.0449813057233	0.027027027027	0.0449813057233	2543915.0	842974.0	94158.0	154624.0	0.0	0.0	0.0	61.0	53.0	22.0	28.0	0.0	0.0	0.0	10.273	2.80460744376	35.0	13.0	164.0	3635671.0	369464.0	4.0	0.0	0.0
389	0.112804878049	0.250414288345	0.112804878049	0.250414288345	208276.0	139645.0	256082.0	89634.0	0.0	0.0	0.0	8.0	6.0	7.0	8.0	0.0	0.0	0.0	8.298	3.14638957506	12.0	7.0	29.0	693637.0	424684.0	5.0	0.0	0.0
390	0.0975609756098	0.0860210855135	0.0975609756098	0.0860210855135	848017.0	1299375.0	102453.0	54172.0	0.0	0.0	0.0	73.0	61.0	3.0	23.0	0.0	0.0	0.0	8.703	2.87537885427	61.0	36.0	160.0	2304017.0	592710.0	25.0	507.0	5.0
391	0.0933333333333	0.0938278016221	0.0933333333333	0.0938278016221	2920625.0	2212535.0	106361.0	255495.0	29229.0	0.0	0.0	171.0	104.0	16.0	27.0	6.0	0.0	0.0	12.405	2.39693016632	67.0	44.0	324.0	5524245.0	434910.0	27.0	40990.0	8.0
392	0.0579831932773	0.0399152987517	0.0579831932773	0.0399152987517	1462325.5	1926739.0	310930.0	52243.0	0.0	0.0	0.0	71.5	66.0	13.0	22.5	0.0	0.0	0.0	11.051	1.89906282397	53.0	28.0	173.0	3752237.5	680684.5	16.5	67.5	2.0
393	0.0496894409938	0.135672843348	0.0496894409938	0.135672843348	1663841.0	1233341.0	382343.0	315912.0	0.0	0.0	0.0	74.0	30.0	13.0	25.0	0.0	0.0	0.0	11.459	2.56214803304	32.0	16.0	142.0	3595437.0	403194.0	8.0	0.0	0.0
394	0.0364357864358	0.0213945770355	0.0364357864358	0.0213945770355	791520.5	911980.0	93508.0	63514.5	0.0	0.0	0.0	59.5	49.0	13.0	13.5	0.0	0.0	0.0	8.6065	2.53037105728	34.0	13.5	135.0	1860523.0	636155.5	9.0	0.0	0.0
395	0.12274368231	0.079618638717	0.12274368231	0.079618638717	1057470.0	1639040.0	122782.0	82756.0	0.0	0.0	0.0	70.0	81.0	14.0	47.0	0.0	0.0	0.0	12.36	0.918882050223	66.0	35.0	212.0	2902048.0	503223.0	25.0	0.0	0.0
396	0.0449516237187	0.0913483538179	0.0449516237187	0.0913483538179	1350318.0	838184.5	108690.5	79320.0	0.0	0.0	0.0	82.0	23.0	4.0	14.0	0.0	0.0	0.0	7.1025	1.47309417129	31.0	15.0	123.0	2376513.0	392848.5	5.0	0.0	0.0
397	0.0934065934066	0.0865242641992	0.0934065934066	0.0865242641992	956110.0	1304664.0	101853.0	42413.0	0.0	0.0	0.0	72.0	62.0	2.0	20.0	0.0	0.0	0.0	8.932	2.43304359006	63.0	37.0	156.0	2405040.0	593068.0	25.0	1135.0	6.0
398	0.152705557361	0.211286156765	0.152705557361	0.211286156765	211187.0	989359.5	16177.0	46212.5	1919.5	0.0	0.0	66.5	45.5	2.0	24.0	1.0	0.0	0.0	11.1285	1.5263182366	57.0	36.5	139.0	1264855.5	370799.0	6.0	199856.0	9.5
399	0.258970641537	0.189270632704	0.258970641537	0.189270632704	136956.5	768955.0	81598.0	44528.0	0.0	0.0	0.0	81.5	54.0	5.0	40.5	0.0	0.0	0.0	10.727	2.60525798866	108.0	73.0	181.0	1032037.5	438854.5	11.0	17765.0	7.5
400	0.218289085546	0.143230708506	0.218289085546	0.143230708506	457758.0	1408359.0	116292.0	82407.0	0.0	0.0	0.0	92.0	65.0	9.0	48.0	0.0	0.0	0.0	12.019	2.03974012506	78.0	45.0	214.0	2064816.0	476903.0	25.0	0.0	0.0
401	0.0400801603206	0.0206454047934	0.0400801603206	0.0206454047934	1277229.0	2668247.0	362569.0	116928.0	0.0	0.0	0.0	152.0	96.0	32.0	29.0	0.0	0.0	0.0	14.273	3.65398482634	65.0	34.0	309.0	4424973.0	417556.0	9.0	0.0	1.0
402	0.013698630137	0.00614946825186	0.013698630137	0.00614946825186	1409014.0	388281.0	42517.0	25807.0	8296.0	0.0	0.0	37.0	16.0	2.0	4.0	3.0	0.0	0.0	8.218	3.16273935414	19.0	10.0	62.0	1873915.0	699326.0	14.0	0.0	0.0
403	0.151816151405	0.118860164209	0.151816151405	0.118860164209	320675.5	939571.0	81598.0	43546.5	0.0	0.0	0.0	65.5	57.5	5.0	27.5	0.0	0.0	0.0	11.638	5.96165165873	77.5	46.5	155.5	1385391.0	679584.0	14.0	17678.0	5.5
404	0.0128205128205	0.00135911375526	0.0128205128205	0.00135911375526	511185.0	1666159.0	477982.0	128221.0	0.0	0.0	0.0	45.0	56.0	27.0	10.0	0.0	0.0	0.0	11.317	2.12070565845	34.0	16.0	138.0	2783547.0	619286.0	11.0	0.0	0.0
405	0.142857142857	0.244159556886	0.142857142857	0.244159556886	208276.0	139645.0	256082.0	5563.0	0.0	0.0	0.0	8.0	6.0	7.0	7.0	0.0	0.0	0.0	8.638	5.75145212796	12.0	7.0	28.0	609566.0	424684.0	6.0	0.0	0.0
406	0.115577889447	0.143300778613	0.115577889447	0.143300778613	982269.0	1215661.0	176180.0	117081.0	0.0	0.0	0.0	97.0	40.0	2.0	23.0	0.0	0.0	0.0	10.893	6.98290292672	37.0	20.0	162.0	2491191.0	379321.0	8.0	156944.0	6.0
407	0.0222222222222	0.00468532354059	0.0222222222222	0.00468532354059	282089.0	96672.0	20102.0	15748.0	0.0	0.0	0.0	9.0	15.0	7.0	4.0	0.0	0.0	0.0	3.467	3.26137038152	8.0	5.0	35.0	414611.0	174212.0	9.0	0.0	0.0
408	0.281355932203	0.187796208531	0.281355932203	0.187796208531	171828.0	1043250.0	81598.0	46632.0	0.0	0.0	0.0	106.0	71.0	5.0	46.0	0.0	0.0	0.0	12.62	2.52451464723	132.0	98.0	228.0	1343308.0	440011.0	12.0	19985.0	9.0
409	0.0512820512821	0.0167727507311	0.0512820512821	0.0167727507311	1263087.0	74355.0	41589.0	4742.0	0.0	0.0	0.0	22.0	2.0	2.0	3.0	0.0	0.0	0.0	3.722	6.10418866107	9.0	6.0	29.0	1383773.0	754110.0	10.0	0.0	0.0
410	0.113402061856	0.129402281746	0.113402061856	0.129402281746	2892645.0	1721913.0	46568.0	198604.0	26963.0	0.0	0.0	148.0	72.0	6.0	20.0	6.0	0.0	0.0	10.184	1.37390802651	67.0	44.0	252.0	4886693.0	435853.0	29.0	40987.0	7.0
411	0.0892857142857	0.113955857385	0.0892857142857	0.113955857385	873422.0	1302736.0	54683.0	52003.0	0.0	0.0	0.0	80.0	55.0	2.0	25.0	0.0	0.0	0.0	6.591	1.0051905089	56.0	33.0	162.0	2282844.0	577998.0	24.0	507.0	3.0
412	0.216931216931	0.111850630227	0.216931216931	0.111850630227	774363.0	922004.0	711.0	248442.0	0.0	0.0	0.0	154.0	82.0	2.0	64.0	0.0	0.0	0.0	9.405	2.14645306856	108.0	59.0	302.0	1945520.0	475071.0	14.0	0.0	1.0
413	0.273895503936	0.218289415944	0.273895503936	0.218289415944	195450.5	1207171.5	81598.0	59424.5	0.0	0.0	0.0	116.0	78.0	5.0	51.5	0.0	0.0	0.5	10.288	1.75852940455	131.5	96.0	251.0	1543644.5	442870.0	13.0	22885.5	8.0
414	0.00735294117647	0.00196335078534	0.00735294117647	0.00196335078534	3814879.0	437178.0	20525.0	25803.0	0.0	0.0	0.0	99.0	16.0	9.0	3.0	0.0	0.0	0.0	4.363	0.462909961713	13.0	5.0	127.0	4298385.0	370198.0	6.0	0.0	0.0
415	0.00877192982456	0.002035002035	0.00877192982456	0.002035002035	1794699.0	897172.0	58302.0	144063.0	0.0	0.0	0.0	56.0	22.0	6.0	17.0	0.0	0.0	0.0	9.473	1.65904789514	21.0	8.0	101.0	2894236.0	370136.0	10.0	0.0	0.0
416	0.121212121212	0.230070930266	0.121212121212	0.230070930266	208276.0	139645.0	256082.0	5548.0	0.0	0.0	0.0	8.0	6.0	7.0	5.0	0.0	0.0	0.0	7.705	3.29393909712	11.0	6.0	26.0	609551.0	424684.0	5.0	0.0	0.0
417	0.0173913043478	0.00220791168353	0.0173913043478	0.00220791168353	1840932.0	509937.0	52707.0	53152.0	0.0	0.0	0.0	52.0	42.0	10.0	4.0	0.0	0.0	0.0	6.038	1.66321968311	16.0	8.0	108.0	2456728.0	401304.0	5.0	0.0	0.0
418	0.0311667877027	0.0236783393804	0.0311667877027	0.0236783393804	5034706.5	2932533.5	363389.5	94529.0	91.0	0.0	0.0	202.5	89.0	30.5	33.5	0.5	0.0	0.0	12.136	1.94323305023	71.0	35.0	356.0	8425249.5	427548.5	12.0	0.0	1.0
419	0.147058823529	0.356974360105	0.147058823529	0.356974360105	208276.0	139645.0	256082.0	5558.0	0.0	0.0	0.0	8.0	6.0	7.0	7.0	0.0	0.0	0.0	6.318	4.00918088738	12.0	7.0	28.0	609561.0	424684.0	5.0	0.0	0.0
420	0.288097257563	0.288197628348	0.288097257563	0.288197628348	172992.5	1042505.5	81598.0	54125.0	0.0	0.0	0.0	142.5	75.0	5.0	58.0	0.0	0.0	0.0	13.975	1.08934920365	153.0	110.5	280.5	1351221.0	440009.5	12.0	17225.5	10.0
421	0.223880597015	0.144952380952	0.223880597015	0.144952380952	297645.0	608108.0	63404.0	82754.0	0.0	0.0	0.0	54.0	69.0	10.0	41.0	0.0	0.0	0.0	9.823	1.21652501086	69.0	41.0	174.0	1051911.0	477518.0	14.0	0.0	0.0
422	0.100790513834	0.0544380882082	0.100790513834	0.0544380882082	3962183.0	1772107.0	203648.0	119862.0	0.0	0.0	0.0	222.0	101.0	17.0	47.0	0.0	0.0	0.0	12.185	1.38568986724	92.0	52.0	387.0	6057800.0	546964.0	23.0	0.0	1.0
423	0.157286273068	0.11846334853	0.157286273068	0.11846334853	732693.0	2137335.5	178283.0	84711.0	0.0	0.0	0.0	75.5	77.5	12.0	52.5	0.0	0.0	0.0	14.025	2.65253256342	78.0	41.0	217.5	3133022.5	883633.0	28.5	0.0	0.5
424	0.1	0.106482784501	0.1	0.106482784501	749178.0	1014719.0	115297.0	66838.0	0.0	0.0	0.0	50.0	49.0	10.0	32.0	0.0	0.0	0.0	9.034	2.36807080699	52.0	23.0	141.0	1946032.0	478489.0	20.0	0.0	0.0
425	0.038961038961	0.0200673226308	0.038961038961	0.0200673226308	973535.0	489540.0	10976.0	41181.0	0.0	0.0	0.0	45.0	12.0	4.0	8.0	0.0	0.0	0.0	6.123	3.58931584067	15.0	7.0	69.0	1515232.0	369464.0	4.0	0.0	0.0
426	0.0935251798561	0.0220184450458	0.0935251798561	0.0220184450458	991122.0	518956.0	74710.0	54282.0	892.0	0.0	0.0	59.0	43.0	2.0	26.0	2.0	0.0	0.0	6.634	1.08201184497	30.0	17.0	132.0	1639962.0	412323.0	9.0	0.0	0.0
427	0.0893617021277	0.0690009149539	0.0893617021277	0.0690009149539	773889.0	1554256.0	102456.0	63785.0	0.0	0.0	0.0	101.0	71.0	3.0	29.0	0.0	0.0	0.0	10.403	5.15890178948	69.0	37.0	204.0	2494386.0	595130.0	25.0	51296.0	7.0
428	0.09375	0.120628334321	0.09375	0.120628334321	208276.0	139645.0	256082.0	5555.0	0.0	0.0	0.0	8.0	6.0	7.0	4.0	0.0	0.0	0.0	12.01	5.16719642138	11.0	6.0	25.0	609558.0	424684.0	6.0	0.0	0.0
429	0.0553191489362	0.0136938896579	0.0553191489362	0.0136938896579	4253519.0	697115.0	78462.0	62578.0	0.0	0.0	0.0	126.0	30.0	2.0	11.0	0.0	0.0	0.0	7.62	4.80972961606	40.0	24.0	169.0	5091674.0	1289426.0	29.0	1.0	1.0
430	0.267267267267	0.202469444643	0.267267267267	0.202469444643	294851.0	1393562.0	81598.0	47659.0	0.0	0.0	0.0	114.0	77.0	5.0	48.0	0.0	0.0	1.0	14.17	4.91781340028	143.0	105.0	245.0	1817670.0	443600.0	16.0	24580.0	11.0
431	0.0327868852459	0.0251572327044	0.0327868852459	0.0251572327044	877235.0	776545.0	53411.0	133570.0	18260.0	0.0	0.0	53.0	29.0	10.0	15.0	4.0	0.0	0.0	8.856	1.60239078324	27.0	14.0	111.0	1859021.0	424684.0	5.0	0.0	0.0
432	0.215538847118	0.135384090521	0.215538847118	0.135384090521	2736304.0	2265102.0	293891.0	291789.0	15783.0	0.0	0.0	144.0	99.0	25.0	57.0	2.0	0.0	0.0	16.13	2.91305740417	98.0	61.0	327.0	5602869.0	484629.0	17.0	844.0	3.0
433	0.217021276596	0.181421406805	0.217021276596	0.181421406805	167890.0	1012880.0	81598.0	53360.0	0.0	0.0	0.0	97.0	65.0	5.0	40.0	0.0	0.0	0.0	12.401	2.06005753318	92.0	59.0	207.0	1315728.0	440341.0	11.0	15152.0	6.0
