	red_number_frac	red_time_frac	image_size	javascript_size	css_size	html_size	xml_size	audio_size	video_size	image_number	javascript_number	css_number	html_number	xml_number	audio_number	video_number	load_time	load_time_std	server_number	service_number	total_number	total_size	others_app_size	others_app_number	others_text_size	others_text_number
0	0.244047619048	0.397426588051	325537.0	439494.0	88035.0	67107.0	3768.0	0.0	0.0	64.0	29.0	4.0	43.0	2.0	0.0	0.0	16.286	2.37044926423	52.0	27.0	142.0	923941.0	373716.0	8.0	0.0	3.0
1	0.0332316390024	0.0544707012312	2596704.5	1925241.5	193374.0	104283.0	0.0	0.0	0.0	105.0	70.5	5.0	29.0	0.0	0.0	0.0	10.694	0.840894018292	55.5	27.5	209.5	4819603.0	676463.5	30.5	24800.5	16.0
2	0.0146935408162	0.0417395966804	1032702.0	865418.0	106729.0	53073.5	74402.0	0.0	0.0	120.0	50.0	7.0	17.0	5.0	0.0	0.0	10.62	3.98323749731	26.0	8.0	199.0	2132324.5	719801.5	25.0	0.0	13.0
3	0.0542635658915	0.0232691066654	666957.0	863598.0	84028.0	146029.0	0.0	0.0	0.0	64.0	28.0	3.0	7.0	0.0	0.0	0.0	8.179	1.56442101466	20.0	8.0	102.0	1760612.0	633079.0	18.0	0.0	0.0
4	0.363636363636	0.526752703975	1769021.0	1230923.0	463859.0	131290.0	4842.0	0.0	3553.0	88.0	79.0	8.0	25.0	1.0	0.0	2.0	18.059	1.36666439024	59.0	35.0	203.0	3603488.0	378616.0	11.0	189.0	4.0
5	0.0680272108844	0.0425476827479	2599407.0	643791.0	375652.0	75824.0	1202.0	0.0	0.0	70.0	35.0	3.0	7.0	1.0	0.0	0.0	3.433	0.427820834774	37.0	20.0	116.0	3695876.0	529443.0	21.0	0.0	0.0
6	0.0828402366864	0.147805103604	39138.0	805302.0	34484.0	95305.0	0.0	0.0	0.0	16.0	93.0	5.0	14.0	0.0	0.0	0.0	10.088	0.0	39.0	21.0	128.0	974229.0	472937.0	22.0	947.0	9.0
7	0.0222222222222	0.0433273056058	159137.0	818798.0	43168.0	100121.0	1167.0	0.0	0.0	32.0	36.0	1.0	3.0	1.0	0.0	0.0	6.768	4.21019722743	10.0	3.0	73.0	1122391.0	480333.0	15.0	0.0	0.0
8	0.05	0.0109522431514	126246.0	296536.0	0.0	175479.0	0.0	0.0	0.0	13.5	3.0	0.0	2.0	0.0	0.0	0.0	2.6455	0.517622797025	8.0	2.0	18.5	598261.0	1563.5	2.0	0.0	0.0
9	0.14375	0.186271631377	91400.0	599467.0	6674.0	41740.0	0.0	0.0	0.0	43.0	54.0	1.0	16.0	0.0	0.0	0.0	16.369	2.77681347262	56.0	31.0	114.0	739281.0	439146.0	11.0	100000.0	3.0
10	0.196132596685	0.157024678485	1098914.0	1164668.0	113466.0	66283.0	0.0	0.0	0.0	143.0	86.0	6.0	53.0	0.0	0.0	0.0	11.484	2.08324549148	96.0	46.0	288.0	2443331.0	383984.0	17.0	17845.0	15.0
11	0.0740740740741	0.0810666862569	2075707.0	314559.0	52376.0	99789.0	0.0	0.0	0.0	42.0	20.0	2.0	5.0	0.0	0.0	0.0	9.814	0.963025453813	26.0	14.0	69.0	2542431.0	521570.0	9.0	0.0	0.0
12	0.321321321321	0.273310392707	453245.0	1553318.0	54680.0	126996.0	35475.0	0.0	217932.0	99.0	54.0	3.0	60.0	16.0	0.0	1.0	12.213	1.41395199526	84.0	46.0	233.0	2441646.0	427642.0	20.0	100946.0	10.0
13	0.245747495747	0.387568064943	328614.0	527638.0	39686.0	148437.0	0.0	0.0	0.0	94.0	46.5	4.0	43.5	0.0	0.0	0.0	10.938	2.65861297249	77.5	43.0	188.0	1044375.0	369491.5	5.5	118290.0	9.5
14	0.0386482449589	0.071276047486	1743572.0	1136520.5	146830.0	79217.5	18962.5	0.0	0.0	42.0	22.0	10.0	8.0	6.0	0.0	0.0	8.1365	1.15278497561	25.0	12.0	88.0	3125102.5	370690.5	10.0	0.0	0.0
15	0.0877857693296	0.193640948529	1607479.0	1679698.5	139165.0	145850.5	0.0	0.0	0.0	305.0	63.0	2.0	40.0	0.0	0.0	0.0	24.8725	2.81329187741	80.5	44.0	410.0	3572193.0	381764.0	12.0	356745.0	11.0
16	0.114942528736	0.148399848709	1602967.0	1242847.0	1140573.0	190925.0	34433.0	0.0	0.0	62.0	43.0	5.0	21.0	12.0	0.0	0.0	12.04	1.0022844031	31.0	14.0	143.0	4211745.0	382906.0	26.0	0.0	0.0
17	0.0253164556962	0.0508640365178	409932.0	764888.0	20163.0	36850.0	0.0	0.0	0.0	26.0	37.0	3.0	4.0	0.0	0.0	0.0	1.958	0.656979470525	35.0	18.0	70.0	1231833.0	78364.0	9.0	545.0	3.0
18	0.19546362778	0.202394330985	341295.5	645899.5	74999.0	24421.0	7005.0	0.0	0.0	52.5	72.0	3.0	32.5	2.0	0.0	0.0	16.2035	5.4515	57.0	28.0	162.0	1093620.0	409191.5	27.5	84268.5	22.0
19	0.153534301044	0.199717393061	1275237.5	1837759.5	48239.0	147827.5	36151.0	0.0	0.0	121.5	81.5	3.0	40.0	25.0	0.0	0.0	15.683	5.04515538506	93.0	55.5	271.0	3345214.5	516662.0	31.0	195890.5	10.0
20	0.0718562874251	0.0711384720619	128923.0	2087422.0	336734.0	83808.0	0.0	0.0	0.0	34.0	70.0	10.0	27.0	0.0	0.0	0.0	8.608	0.610088477696	53.0	26.0	141.0	2636887.0	382427.0	13.0	12305.0	5.0
21	0.326409940814	0.31513369803	821439.5	983679.5	1182.0	140173.0	0.0	0.0	0.0	412.5	173.0	1.0	225.0	0.0	0.0	0.0	20.2015	4.67594915331	194.0	111.0	811.5	1946474.0	466086.5	45.0	798.5	22.0
22	0.0927536231884	0.0879088604464	1783284.0	1882770.0	134548.0	128579.0	6966.0	0.0	0.0	117.0	84.0	11.0	48.0	6.0	0.0	0.0	10.245	4.4603111267	79.0	42.0	266.0	3936147.0	684538.0	26.0	201214.0	14.0
23	0.134328358209	0.0848186149696	2865062.0	1558921.0	387613.0	162106.0	0.0	0.0	33335.0	102.0	92.0	8.0	20.0	0.0	0.0	1.0	9.046	1.19551504475	98.0	54.0	223.0	5007037.0	414061.0	22.0	5590.0	2.0
24	0.285106382979	0.0670209908285	981893.0	876719.0	74305.0	58755.0	0.0	0.0	0.0	91.0	41.0	6.0	64.0	0.0	0.0	0.0	9.329	0.918420638453	57.0	29.0	202.0	1991672.0	488366.0	9.0	0.0	7.0
25	0.151365276751	0.289433450991	696502.5	1465074.5	69348.5	86065.0	0.0	0.0	0.0	93.0	57.5	5.5	29.0	0.0	0.0	0.0	10.009	5.27325794546	68.5	39.5	185.0	2316990.5	652877.0	19.0	0.0	1.0
26	0.0689655172414	0.119652423779	1033151.5	663632.0	31453.0	122536.5	182.0	0.0	0.0	109.5	43.0	4.0	25.0	1.0	0.0	0.0	8.242	1.17385710374	44.0	20.0	182.5	1850955.0	370641.0	9.0	461.0	5.0
27	0.149870801034	0.149580714508	851707.0	2228134.0	147362.0	271471.0	10753.0	0.0	0.0	133.0	89.0	5.0	57.0	1.0	0.0	0.0	12.879	0.919274123197	105.0	56.0	285.0	3509427.0	383675.0	21.0	617430.0	22.0
28	0.105263157895	0.0801140590131	73382.0	719972.0	55507.0	75959.0	4421.0	0.0	0.0	26.0	39.0	1.0	20.0	1.0	0.0	0.0	11.892	3.03747175976	40.0	23.0	87.0	929241.0	655146.0	16.0	696.0	7.0
29	0.5	0.24861878453	0.0	0.0	0.0	264.0	0.0	0.0	0.0	0.0	0.0	0.0	1.0	0.0	0.0	0.0	0.413	0.158610634364	2.0	1.0	1.0	264.0	0.0	0.0	0.0	0.0
30	0.135714285714	0.181255751121	2294335.0	690955.0	52049.0	198261.0	3436.0	0.0	0.0	211.0	72.0	6.0	82.0	1.0	0.0	0.0	10.403	4.3507262229	96.0	47.0	372.0	3239036.0	465936.0	11.0	0.0	2.0
31	0.0526374113475	0.0732851241919	424329.5	866467.5	68952.0	47288.0	5569.0	0.0	0.0	28.0	38.0	1.0	8.0	1.0	0.0	0.0	4.482	0.980907380949	33.0	19.5	76.0	1412606.0	620333.0	12.5	0.0	3.0
32	0.115384615385	0.060513559946	351196.0	1357394.0	227567.0	329712.0	0.0	0.0	0.0	34.0	87.0	6.0	15.0	0.0	0.0	0.0	9.08	6.67606104389	80.0	36.0	142.0	2265869.0	675154.0	24.0	0.0	2.0
33	0.135231316726	0.090424298632	1028670.0	1075091.0	47193.0	69228.0	0.0	0.0	0.0	150.0	65.0	3.0	27.0	0.0	0.0	0.0	7.818	1.88412313823	78.0	46.0	245.0	2220182.0	471057.0	13.0	6972.0	2.0
34	0.043956043956	0.0424746075716	1012912.0	728500.0	65012.0	22508.0	0.0	0.0	0.0	29.0	31.0	2.0	10.0	0.0	0.0	0.0	4.463	0.339323510008	32.0	14.0	72.0	1828932.0	488464.0	18.0	0.0	0.0
35	0.126643170128	0.148616320264	3782571.0	1768713.0	307625.0	382053.0	10753.0	0.0	0.0	58.5	53.0	5.0	24.5	1.0	0.0	0.0	9.2225	1.66430727031	59.0	29.0	142.0	6251715.0	940482.0	14.0	23980.5	9.0
36	0.0416666666667	0.0705998829629	434227.5	530554.0	21044.0	31256.0	0.0	0.0	0.0	22.0	14.0	9.0	3.0	0.0	0.0	0.0	0.7895	0.129495019209	3.0	2.0	48.0	1017081.5	0.0	0.0	0.0	0.0
37	0.175926999961	0.0890782635878	616448.0	1055993.0	88670.0	74052.5	908.0	0.0	0.0	80.5	60.0	21.0	26.0	1.0	0.0	0.0	9.4985	0.908046942619	58.0	33.0	188.5	1836071.5	414943.0	8.0	0.0	1.0
38	0.0432692307692	0.0138847858198	1152962.0	1585672.0	85365.0	152178.0	26865.0	0.0	0.0	97.0	56.0	3.0	14.0	6.0	0.0	0.0	5.001	0.399023839753	43.0	24.0	176.0	3003042.0	581543.0	29.0	40987.0	5.0
39	0.0057144723093	0.000969420153713	4605071.0	299331.5	88361.0	9417.0	12292.0	0.0	0.0	158.0	7.0	3.0	1.0	7.0	0.0	0.0	2.593	0.828472329049	13.0	5.0	176.0	5014472.5	2853.0	2.0	0.0	0.0
40	0.0327868852459	0.0062481976353	815562.0	567692.0	34188.0	87859.0	0.0	0.0	0.0	44.0	22.0	1.0	40.0	0.0	0.0	0.0	2.848	2.58848075467	32.0	15.0	107.0	1505301.0	66719.0	4.0	0.0	5.0
41	0.109653916211	0.0790224539773	4460196.0	2557382.5	109131.0	970401.0	1393.0	0.0	0.0	70.5	142.0	11.0	32.5	1.0	0.0	0.0	11.772	1.62538483424	108.5	62.5	257.0	8098503.5	683325.5	29.0	0.0	1.0
42	0.26887829912	0.201004223311	2194627.5	1022254.5	18955.0	244396.0	11506.0	0.0	0.0	90.0	56.0	2.0	29.0	4.0	0.0	0.0	7.493	1.40784979312	61.5	32.0	181.0	3491739.0	1019344.0	33.0	0.0	2.0
43	0.255555555556	0.195453726011	207613.0	2492769.0	15778.0	158170.0	14533.0	0.0	0.0	89.0	75.0	5.0	40.0	1.0	0.0	0.0	10.069	2.08165137438	100.0	55.0	210.0	2888863.0	642394.0	16.0	1.0	4.0
44	0.4	0.0361663652803	0.0	0.0	0.0	1086.0	0.0	0.0	0.0	0.0	0.0	0.0	2.0	0.0	0.0	0.0	1.047	0.613757281016	3.0	2.0	2.0	1086.0	55.0	1.0	0.0	0.0
45	0.0883534136546	0.0867911050376	2413654.0	1090533.0	171514.0	156539.0	0.0	0.0	0.0	103.0	68.0	9.0	34.0	0.0	0.0	0.0	9.078	2.52286223892	85.0	41.0	214.0	3832240.0	441146.0	13.0	0.0	3.0
46	0.26648974544	0.25672059303	531727.0	1555751.0	45865.0	171671.0	182.0	0.0	0.0	337.5	108.0	4.0	155.0	1.0	0.0	0.0	22.4335	2.69295593478	220.0	137.5	605.5	2305196.0	446545.5	18.0	406433.0	28.0
47	0.0301470588235	0.0978785632053	261820.0	468940.0	56369.0	77242.0	0.0	0.0	0.0	43.0	22.5	5.0	4.5	0.0	0.0	0.0	5.0915	4.48763884012	11.0	3.0	75.0	864371.0	393481.5	8.5	3.0	1.5
48	0.0555555555556	0.115691489362	43787.0	0.0	4966.0	7556.0	0.0	0.0	0.0	13.0	0.0	2.0	1.0	0.0	0.0	0.0	0.941	0.0951413503331	2.0	2.0	16.0	56309.0	55.0	1.0	0.0	0.0
49	0.316999852852	0.528865189043	4185735.5	775343.0	71114.0	520165.0	0.0	0.0	0.0	270.5	69.0	8.0	108.5	0.0	0.0	0.0	15.8585	4.85410498959	142.0	89.0	456.0	5552357.5	390837.5	23.0	6815.0	31.5
50	0.169565217391	0.162785703329	1686580.0	1349049.0	18504.0	57179.0	40738.0	0.0	0.0	51.0	45.0	1.0	38.0	2.0	0.0	0.0	9.156	1.86727424636	75.0	46.0	137.0	3152050.0	726882.0	25.0	1188.0	6.0
51	0.290322580645	0.180604632901	61072.0	695376.0	26059.0	116858.0	7680.0	0.0	0.0	71.0	37.0	1.0	68.0	1.0	0.0	0.0	7.125	2.11386670451	71.0	41.0	178.0	907045.0	389080.0	15.0	0.0	1.0
52	0.0888888888889	0.0846237435479	7543511.0	136461.0	14246.0	38231.0	11128.0	0.0	0.0	18.0	12.0	1.0	6.0	2.0	0.0	0.0	3.908	1.02605787626	8.0	4.0	39.0	7743577.0	525331.0	10.0	0.0	0.0
53	0.192546583851	0.0616306954436	175905.0	1103612.0	48257.0	71524.0	0.0	0.0	0.0	39.0	54.0	2.0	25.0	0.0	0.0	0.0	5.584	0.0	44.0	28.0	120.0	1399298.0	545397.0	19.0	0.0	0.0
54	0.24011299435	0.399330807732	1187281.0	873654.0	134137.0	112886.0	8637.0	0.0	0.0	176.0	48.0	4.0	75.0	2.0	0.0	0.0	14.078	7.16374383081	94.0	52.0	305.0	2316595.0	472357.0	19.0	0.0	2.0
55	0.129370629371	0.224478605699	7126651.0	936527.0	111703.0	72215.0	0.0	0.0	0.0	115.0	92.0	15.0	19.0	0.0	0.0	0.0	7.836	0.720202200688	70.0	38.0	241.0	8247096.0	525169.0	16.0	0.0	0.0
56	0.0625	0.236363636364	831.0	81919.0	35314.0	32276.0	0.0	0.0	0.0	2.0	5.0	2.0	2.0	0.0	0.0	0.0	0.995	0.0683944622695	6.0	4.0	11.0	150340.0	0.0	0.0	0.0	0.0
57	0.0535714285714	0.00571545213309	592866.0	1093529.0	40232.0	22643.0	0.0	0.0	0.0	34.0	31.0	2.0	6.0	0.0	0.0	0.0	4.157	1.45000205489	39.0	24.0	73.0	1749270.0	505776.0	34.0	0.0	0.0
58	0.153814743176	0.232847946181	1171201.5	2362160.5	66835.0	147460.0	0.0	0.0	-2.0	189.0	109.0	7.0	61.5	0.0	0.0	2.0	13.677	2.28779483832	117.0	63.0	368.5	3747655.0	774466.5	37.0	21.5	5.0
59	0.203333726693	0.168834585976	430350.0	1091660.0	54149.0	689449.5	289.0	0.0	-2.0	137.5	76.0	5.5	74.5	7.0	0.0	2.0	13.1495	1.76953602234	101.0	56.0	302.5	2265895.5	390908.5	13.0	6.0	4.0
60	0.0617769827072	0.204270061704	1382605.0	658497.0	99433.0	78794.5	0.0	0.0	0.0	37.0	49.0	9.0	10.0	0.0	0.0	0.0	3.8795	0.471019914653	28.0	16.0	105.0	2219329.5	689710.5	19.5	26.0	3.0
61	0.0416666666667	0.0102745172885	798430.0	605951.0	10974.0	78343.0	0.0	0.0	0.0	55.0	39.0	5.0	7.0	0.0	0.0	0.0	6.405	0.853496242953	27.0	15.0	106.0	1493698.0	437181.0	9.0	652.0	2.0
62	0.234759341936	0.186669124977	440893.5	1490579.5	221933.5	123221.5	615.0	0.0	0.0	110.0	87.0	17.5	105.0	2.0	0.0	0.5	17.5045	4.19743892815	111.0	59.0	322.0	2277243.0	468802.5	25.5	0.0	5.5
63	0.162676453981	0.275309578001	1845192.0	906295.5	2384.0	54115.0	3667.0	0.0	0.0	89.5	56.5	3.0	36.0	2.0	0.0	0.0	7.123	2.58509165988	66.5	37.5	187.0	2811653.5	374625.0	13.5	99878.0	5.0
64	0.248975323427	0.298847541252	564138.5	1208242.5	61317.0	213249.5	5291.0	0.0	0.0	180.0	81.0	7.5	97.5	1.5	0.0	0.0	13.26	1.99199322288	143.0	75.5	367.5	2052238.5	419274.0	15.0	14197.0	21.5
65	0.303686212777	0.350859573387	323666.5	549806.0	56684.0	53667.5	2234.0	0.0	0.0	76.5	42.0	3.0	36.0	2.0	0.0	0.0	10.476	2.56389555364	62.5	31.0	159.5	986058.0	627491.5	43.0	0.0	1.0
66	0.015306122449	0.080750023556	2525335.0	723374.0	58105.0	78132.0	0.0	0.0	0.0	136.0	33.0	7.0	5.0	0.0	0.0	0.0	5.114	0.690564181586	25.0	9.0	181.0	3384946.0	371917.0	7.0	58.0	1.0
67	0.303198653199	0.222983681079	444759.5	1029770.5	45186.0	133294.5	0.0	0.0	0.0	102.5	58.0	5.0	64.0	0.0	0.0	0.0	8.9385	0.57581223882	72.0	41.0	229.5	1653010.5	371017.0	18.0	1664.0	5.0
68	0.122641509434	0.17371990327	1134607.0	1052527.0	234561.0	83579.0	11857.0	0.0	0.0	77.0	54.0	5.0	24.0	4.0	0.0	0.0	10.618	4.37673600126	69.0	37.0	164.0	2517131.0	388252.0	20.0	121.0	3.0
69	0.242758636594	0.170011526105	692435.5	1728637.5	128081.0	86871.5	134.0	0.0	0.0	103.0	73.0	10.0	41.0	2.0	0.0	0.0	10.6175	1.08814139247	91.0	51.0	229.0	2636159.5	393162.5	14.0	0.0	1.0
70	0.030303030303	0.0125187564725	148287.5	93541.0	60238.0	11714.0	0.0	0.0	0.0	5.0	4.0	2.0	1.0	0.0	0.0	0.0	1.2995	0.429097145178	2.5	2.0	12.0	313780.5	50465.5	20.0	0.0	0.0
71	0.158817342527	0.218263043192	1187609.5	1806979.5	67724.5	118593.5	0.0	0.0	0.0	167.0	109.0	9.0	57.5	0.0	0.0	0.0	12.1455	1.54633259682	111.5	58.5	342.5	3180907.0	776411.0	40.0	2.0	3.0
72	0.0384615384615	0.0538378378378	2337605.0	159045.0	45370.0	44223.0	0.0	0.0	0.0	76.0	7.0	7.0	6.0	0.0	0.0	0.0	1.449	0.316621049346	10.0	8.0	96.0	2586243.0	4879.0	2.0	0.0	0.0
73	0.223430885236	0.227251087444	473353.0	1513485.0	151397.0	130030.5	0.0	0.0	0.0	190.0	90.5	5.0	73.0	0.0	0.0	0.0	10.559	2.53973708039	120.0	66.5	358.5	2268265.5	386645.5	21.0	17196.0	8.5
74	0.139344262295	0.23452625847	4044386.0	1918503.0	198166.0	179527.0	0.0	0.0	0.0	384.0	77.0	4.0	71.0	0.0	0.0	0.0	15.282	5.26633143426	107.0	57.0	536.0	6340582.0	460754.0	18.0	356722.0	15.0
75	0.230460429297	0.180099106051	528149.0	917034.5	96419.5	100274.5	1361.0	0.0	0.0	157.0	66.5	5.5	72.0	1.0	0.0	0.0	9.257	3.50855212303	100.5	52.0	302.0	1643238.5	449043.0	10.0	120.0	10.5
76	0.33761682243	0.275654433296	1984228.0	1619206.0	68453.0	157830.0	30715.0	0.0	0.0	359.0	139.0	6.0	152.0	29.0	0.0	0.0	22.088	1.84037663537	196.0	106.0	685.0	3860432.0	780417.0	66.0	49790.0	22.0
77	0.0900900900901	0.127233907955	609911.0	513104.0	26809.0	128424.0	0.0	0.0	0.0	49.0	32.0	1.0	11.0	0.0	0.0	0.0	5.289	0.567031043314	41.0	18.0	93.0	1278248.0	370036.0	8.0	0.0	1.0
78	0.117886178862	0.168163637494	546474.0	2027185.0	197716.0	98832.0	0.0	0.0	0.0	77.0	63.0	2.0	41.0	0.0	0.0	0.0	18.888	6.2057781591	76.0	33.0	183.0	2870207.0	380318.0	22.0	0.0	5.0
79	0.183209375704	0.2699781175	1539157.5	1782968.5	71447.0	121062.0	0.0	0.0	0.0	207.0	108.0	9.0	64.0	0.0	0.0	0.0	18.5095	2.42495269141	126.0	67.0	388.0	3514635.0	770541.5	40.5	2.0	3.5
80	0.234550561798	0.196179146657	3675174.0	1807849.0	21468.0	160178.0	87478.0	0.0	0.0	344.0	98.0	3.0	126.0	33.0	0.0	0.0	14.012	1.27998788575	157.0	89.0	604.0	5752147.0	643113.0	24.0	108660.0	28.0
81	0.0735785953177	0.0561999156474	2381684.0	1567743.0	979249.0	153789.0	8699.0	0.0	0.0	148.0	88.0	21.0	40.0	7.0	0.0	0.0	12.609	1.71309689967	82.0	41.0	304.0	5091164.0	396271.0	19.0	7311.0	2.0
82	0.0833333333333	0.0258783925942	12717.0	227733.0	65205.0	24665.0	2342.0	0.0	0.0	7.0	3.0	3.0	3.0	1.0	0.0	0.0	2.736	0.675278049728	6.0	4.0	17.0	332662.0	25909.0	4.0	0.0	0.0
83	0.0801776531089	0.0786815001188	1156648.0	903545.0	130931.0	87138.5	571.0	0.0	0.0	29.5	45.0	4.0	12.0	1.0	0.0	0.0	5.031	0.586052420864	39.0	19.0	91.5	2278833.5	376692.0	14.0	4608.0	1.0
84	0.180327868852	0.259626509086	216710.0	378608.0	336592.0	8954.0	0.0	0.0	0.0	14.0	19.0	10.0	6.0	0.0	0.0	0.0	6.047	1.04721071901	23.0	13.0	49.0	940864.0	534799.0	7.0	0.0	0.0
85	0.172535211268	0.104407771047	1961108.0	1483948.0	112734.0	50740.0	4975.0	0.0	0.0	113.0	79.0	9.0	41.0	2.0	0.0	0.0	9.529	1.68206635121	80.0	41.0	244.0	3613505.0	393007.0	9.0	0.0	5.0
86	0.115384615385	0.109111748919	449475.0	1254841.0	110950.0	79521.0	29500.0	0.0	0.0	52.0	58.0	4.0	29.0	7.0	0.0	0.0	18.771	5.92009707587	59.0	28.0	150.0	1924287.0	488562.0	18.0	0.0	4.0
87	0.100917431193	0.139221470299	1225905.0	1327654.0	101849.0	46862.0	0.0	0.0	0.0	91.0	64.0	2.0	28.0	0.0	0.0	0.0	5.4	1.16191938906	62.0	33.0	185.0	2702270.0	600602.0	27.0	505.0	5.0
88	0.291017094936	0.33209962756	1374626.0	1498181.5	172257.0	301588.5	3045.0	0.0	0.0	198.5	108.5	8.0	84.0	3.0	0.0	0.0	15.7245	1.43002349194	145.5	90.0	402.0	3349698.0	558092.0	15.0	1.0	6.0
89	0.25728961441	0.286872710514	768904.5	590985.0	66888.0	51560.5	3508.0	0.0	0.0	65.5	36.0	6.0	31.5	1.0	0.0	0.0	3.933	0.68710686214	70.5	36.0	140.0	1481846.0	456076.5	12.5	0.0	1.0
90	0.0858585858586	0.0910100614138	1475550.0	1105658.0	106303.0	74746.0	0.0	0.0	0.0	71.0	54.0	19.0	29.0	0.0	0.0	0.0	6.33	0.637123241368	41.0	14.0	173.0	2762257.0	442074.0	10.0	0.0	0.0
91	0.283274078862	0.280149256296	825992.5	1511596.5	97461.0	566271.5	1521.0	0.0	0.0	358.5	179.5	24.5	178.0	2.0	0.0	0.0	17.3075	2.99671207326	218.5	116.0	742.5	3002842.5	581003.5	34.5	0.0	14.5
92	0.108108108108	0.114669582878	2082723.0	668022.0	51160.0	210813.0	66365.0	0.0	0.0	114.0	78.0	22.0	42.0	19.0	0.0	0.0	8.587	0.559610534763	67.0	35.0	275.0	3079083.0	535135.0	21.0	0.0	1.0
93	0.129955947137	0.223655153061	4366776.0	1751835.0	183946.0	173844.0	0.0	0.0	0.0	270.0	77.0	4.0	56.0	0.0	0.0	0.0	16.382	4.72505681642	87.0	47.0	407.0	6476401.0	391314.0	15.0	356719.0	11.0
94	0.0899742930591	0.0805124916351	1908987.0	1208460.0	616816.0	202584.0	13864.0	0.0	0.0	184.0	80.0	20.0	46.0	7.0	0.0	0.0	13.01	1.4185930258	78.0	43.0	337.0	3950711.0	376409.0	20.0	7797.0	2.0
95	0.310355337935	0.151359971345	296957.0	970584.0	82795.0	76543.0	0.0	0.0	0.0	59.5	60.0	6.0	35.0	0.0	0.0	0.0	8.706	1.50068969477	83.0	48.0	160.5	1426879.0	371217.5	12.5	58.0	3.0
96	0.275862068966	0.18490399956	3219644.0	493723.0	49661.0	190695.0	3715.0	0.0	0.0	159.0	52.0	2.0	60.0	6.0	0.0	0.0	9.051	2.72409810197	106.0	64.0	279.0	3957438.0	905820.0	23.0	7165.0	26.0
97	0.0765306122449	0.0529420186113	864597.0	1315600.0	155548.0	63086.0	15825.0	0.0	0.0	79.0	70.0	8.0	24.0	4.0	0.0	0.0	8.182	1.46986805488	50.0	28.0	185.0	2414656.0	373701.0	9.0	1150.0	1.0
98	0.0441176470588	0.00249702131975	387355.0	1302012.0	383765.0	120045.0	15672.0	0.0	0.0	32.0	49.0	6.0	20.0	3.0	0.0	0.0	10.349	0.762313000749	48.0	16.0	110.0	2208849.0	537987.0	18.0	80.0	2.0
99	0.277080957811	0.302854806841	1100652.0	1315036.0	123635.0	105030.0	0.0	0.0	0.0	152.0	86.0	14.0	76.0	0.0	0.0	0.0	10.53	4.4453433341	107.0	58.0	328.0	2644353.0	483254.0	29.0	0.0	6.0
100	0.03125	0.000971696232808	890855.0	783936.0	20261.0	76411.0	0.0	0.0	0.0	42.0	27.0	1.0	15.0	0.0	0.0	0.0	8.903	3.25230905051	27.0	11.0	85.0	1771463.0	923183.0	14.0	0.0	0.0
101	0.0796460176991	0.0806171091316	1041152.0	1030130.0	72743.0	100911.0	0.0	0.0	0.0	27.0	45.5	3.0	22.0	0.0	0.0	0.0	4.564	0.696594741851	39.5	16.0	97.5	2244936.0	369631.0	6.0	4211.5	2.0
102	0.366666666667	0.0724784329752	0.0	0.0	0.0	21050.0	0.0	0.0	0.0	0.0	0.0	0.0	2.5	0.0	0.0	0.0	0.7255	0.393155808809	1.0	1.0	2.5	21050.0	0.0	0.0	0.0	0.0
103	0.333333333333	0.147448979592	94343.0	0.0	3665.0	11235.0	0.0	0.0	0.0	23.0	0.0	2.0	1.0	0.0	0.0	0.0	1.194	0.701765709558	2.0	2.0	26.0	109243.0	0.0	0.0	0.0	0.0
104	0.0858224856656	0.0514232130962	1038299.5	1805871.5	102496.0	105454.5	0.0	0.0	0.0	78.0	70.5	3.0	26.0	0.0	0.0	0.0	7.335	0.89236231431	65.0	37.5	177.5	3052121.5	593223.5	26.5	507.0	11.0
105	0.0943369580568	0.0929711021213	271494.5	362351.0	66522.0	21794.5	0.0	0.0	0.0	27.0	33.0	4.0	7.5	0.0	0.0	0.0	7.3035	0.942238934666	21.0	9.0	71.5	722162.0	403175.5	7.0	0.0	1.0
106	0.0875	0.0291268876931	851194.0	395891.0	67011.0	29837.0	0.0	0.0	0.0	27.0	24.0	2.0	9.0	0.0	0.0	0.0	7.515	1.18815599425	27.0	11.0	62.0	1343933.0	609638.0	13.0	0.0	0.0
107	0.330815018315	0.308254029115	3127877.0	1240433.0	53978.0	142940.0	0.0	0.0	0.0	296.5	68.0	8.0	155.0	0.0	0.0	0.0	16.472	3.43835554581	178.5	115.0	527.5	4565228.0	454774.5	23.5	6272.0	15.0
108	0.147926267281	0.137155316246	2476962.0	2269614.0	108838.0	293821.0	0.0	0.0	0.0	195.0	106.5	7.0	48.5	0.0	0.0	0.0	13.816	2.33944209873	112.5	53.0	357.0	5149235.0	773341.0	43.0	2.0	3.0
109	0.184501845018	0.18230593179	1160709.0	1448422.0	31449.0	70966.0	0.0	0.0	0.0	121.0	58.0	2.0	28.0	0.0	0.0	0.0	8.986	1.73399351388	63.0	41.0	209.0	2711546.0	450241.0	9.0	0.0	2.0
110	0.140494849978	0.22488535464	1168793.0	1299542.0	37755.5	126812.0	105102.0	0.0	0.0	117.5	81.5	6.0	39.5	6.0	0.0	0.0	7.889	2.64756388025	75.5	42.0	250.5	2738004.5	429322.0	26.0	0.0	3.0
111	0.213450292398	0.238591728877	555362.5	1321034.0	66755.0	111288.0	0.0	0.0	0.0	134.5	75.5	7.0	38.5	0.0	0.0	0.0	8.087	5.92790884208	94.5	48.5	255.5	2054439.5	756285.0	47.0	2.0	2.0
112	0.0836501901141	0.0953404842769	1121769.0	2243036.0	192811.0	128640.0	0.0	0.0	0.0	100.0	85.0	4.0	35.0	0.0	0.0	0.0	8.834	1.49071653995	82.0	43.0	224.0	3686256.0	645328.0	29.0	100447.0	7.0
113	0.198671569999	0.165620322452	479537.0	1223923.5	118177.0	62408.0	8175.0	0.0	0.0	109.5	58.0	3.0	53.0	9.0	0.0	0.0	9.788	0.638180225328	71.5	38.0	232.5	1892220.5	748956.5	15.0	0.0	1.0
114	0.222222222222	0.222765972095	695458.0	1890017.0	92201.0	241239.0	0.0	0.0	0.0	341.0	126.0	5.0	158.0	0.0	0.0	0.0	25.512	2.32935000376	214.0	124.0	630.0	2918915.0	488270.0	29.0	706739.0	32.0
115	0.0633802816901	0.077572622168	437350.0	558305.0	116719.0	12459.5	0.0	0.0	0.0	48.0	47.0	16.0	10.5	0.0	0.0	0.0	7.0825	1.0007092285	49.0	22.0	121.5	1124833.5	370131.0	7.0	1.0	3.0
116	0.116133866134	0.280955723696	1073855.0	131104.0	56773.0	17282.0	587.0	0.0	0.0	43.0	13.0	3.0	5.0	1.0	0.0	0.0	3.5725	1.51771891008	18.5	10.0	65.0	1279601.0	373028.0	6.0	0.0	0.0
117	0.0454545454545	0.086483909416	357213.0	804291.0	106054.0	50407.0	12552.0	0.0	0.0	22.0	38.0	8.0	4.0	1.0	0.0	0.0	5.373	1.64677318364	38.0	18.0	73.0	1330517.0	390335.0	8.0	0.0	0.0
118	0.0695488721805	0.0153795445697	569638.5	759239.0	20183.0	36066.5	0.0	0.0	0.0	40.5	40.0	4.0	9.5	0.0	0.0	0.0	3.3095	2.16974376367	41.5	19.0	94.0	1385127.0	452412.5	19.5	465.0	5.0
119	0.114285714286	0.010422400822	1548988.0	758245.0	129318.0	160043.0	3268.0	0.0	0.0	63.0	27.0	6.0	14.0	2.0	0.0	0.0	4.282	0.480005504084	43.0	23.0	112.0	2599862.0	518922.0	12.0	0.0	0.0
120	0.240487062405	0.243098873074	498264.0	1702341.0	84411.0	160667.0	0.0	0.0	0.0	277.0	102.0	4.0	120.0	0.0	0.0	0.0	19.217	3.52162053746	196.0	117.0	503.0	2445683.0	449907.0	21.0	555371.0	27.0
121	0.196897374702	0.115929991101	5919982.0	1225508.0	53051.0	63549.0	67.0	0.0	0.0	209.0	58.0	12.0	34.0	1.0	0.0	0.0	6.349	6.09313016518	80.0	49.0	314.0	7262157.0	777929.0	17.0	1.0	2.0
122	0.015873015873	0.0047703084632	998538.5	376086.0	31862.0	79928.0	0.0	0.0	0.0	41.0	6.0	2.0	2.0	0.0	0.0	0.0	4.026	0.9746515326	10.0	6.0	51.0	1486414.5	515062.5	11.0	0.0	0.0
123	0.027027027027	0.0277840866076	1282617.0	241629.0	34264.0	11962.0	0.0	0.0	0.0	44.0	10.0	7.0	3.0	0.0	0.0	0.0	4.246	0.7722326618	12.0	8.0	64.0	1570472.0	415865.0	6.0	0.0	0.0
124	0.125523012552	0.127218762731	719660.0	1504444.0	342503.0	91057.0	7402.0	0.0	0.0	69.0	67.0	15.0	18.0	1.0	0.0	0.0	7.078	1.41866057956	55.0	26.0	170.0	2665066.0	758095.0	21.0	0.0	1.0
125	0.243378777977	0.256544951176	558660.0	1715980.5	84720.5	191018.0	0.0	0.0	0.0	397.5	147.0	7.0	199.0	0.0	0.0	0.0	25.703	4.99796719771	240.5	142.0	750.5	2550379.0	456254.5	37.0	556215.0	31.5
126	0.104677060134	0.239556479192	6849952.0	1641613.0	180204.0	153633.0	0.0	0.0	0.0	284.0	69.0	4.0	52.0	0.0	0.0	0.0	14.872	2.35163678223	90.0	44.0	409.0	8825402.0	416920.0	17.0	356739.0	11.0
127	0.18018018018	0.380841438151	2660419.0	832392.0	55629.0	52705.0	0.0	0.0	0.0	73.0	51.0	4.0	47.0	0.0	0.0	0.0	17.11	2.90989327792	69.0	37.0	175.0	3601145.0	451395.0	12.0	23.0	4.0
128	0.0394805194805	0.0250885755271	113967.0	556341.5	80163.0	23826.0	0.0	0.0	0.0	17.5	34.5	7.0	10.0	0.0	0.0	0.0	3.074	0.873425331668	28.5	16.5	69.0	774297.5	20806.5	4.5	0.0	0.0
129	0.0309246785058	0.0230534434606	1671727.0	1312412.5	149247.0	131686.5	1337.0	0.0	0.0	91.5	58.0	14.0	14.0	3.0	0.0	0.0	4.33	0.806504959687	52.5	30.5	180.5	3266410.0	486794.5	13.0	48655.0	9.0
130	0.131129512227	0.105423330489	1421442.0	1627099.0	950920.0	209105.0	211246.0	0.0	0.0	185.0	92.5	23.0	58.0	10.0	0.0	0.0	14.515	0.724559521365	100.0	57.0	368.5	4419812.0	394648.5	19.0	7365.5	6.5
131	0.083722741433	0.217794636296	2456355.5	698199.5	245955.0	25462.0	29556.0	0.0	0.0	49.0	24.0	1.0	17.0	24.0	0.0	0.0	4.4745	1.23270945888	32.0	12.0	115.0	3455528.0	369519.0	5.0	49936.0	1.0
132	0.155063291139	0.0847736625514	1456084.0	2020793.0	255944.0	99949.0	1170.0	0.0	0.0	103.0	84.0	12.0	53.0	2.0	0.0	0.0	7.343	2.4841005576	89.0	55.0	254.0	3833940.0	431633.0	28.0	100944.0	9.0
133	0.0697674418605	0.0450627924157	1808715.0	171144.0	55831.0	13620.0	0.0	0.0	0.0	14.0	10.0	7.0	2.0	0.0	0.0	0.0	3.936	0.538158818176	11.0	4.0	33.0	2049310.0	369464.0	4.0	0.0	0.0
134	0.145089285714	0.289362679426	4060926.0	1740618.0	184461.0	174972.0	0.0	0.0	0.0	261.0	72.0	5.0	68.0	0.0	0.0	0.0	15.508	5.08320712412	92.0	50.0	406.0	6160977.0	462206.0	17.0	406669.0	13.0
135	0.227575109178	0.248026566532	644845.5	1864217.0	92671.5	275328.0	44.0	0.0	225418.0	336.5	133.5	8.5	155.5	1.5	0.0	0.5	23.432	2.28341126046	221.5	129.0	636.0	3102524.0	459400.0	27.5	581111.5	31.0
136	0.144438747899	0.175128576043	2590695.5	1947924.0	148589.5	76373.5	536.0	0.0	0.0	170.0	76.5	13.5	80.0	3.0	0.0	0.0	10.6755	2.20855192604	106.5	54.0	343.0	4764118.5	507070.5	15.0	0.0	2.0
137	0.166666666667	0.275818115274	2140848.0	1396877.0	176604.0	166328.0	0.0	0.0	0.0	263.0	55.0	2.0	66.0	0.0	0.0	0.0	13.287	3.95306491787	87.0	46.0	386.0	3880657.0	387797.0	15.0	306764.0	13.0
138	0.107788296041	0.0393375478714	221068.5	1320918.5	258999.0	47797.5	1863.0	0.0	0.0	27.0	21.0	8.0	13.0	1.0	0.0	0.0	2.0735	0.543865093566	23.0	11.0	70.0	1850646.5	3397.0	3.0	135620.0	5.0
139	0.05578153975	0.0532373613223	2482031.5	1806385.5	103670.0	126544.0	0.0	0.0	0.0	83.5	71.0	5.0	22.5	0.0	0.0	0.0	7.2195	1.57984684068	62.0	33.5	182.0	4518631.0	593258.0	26.5	2364.0	11.5
140	0.185601498729	0.167041464449	3886599.5	2651748.5	173599.5	388750.0	4916.5	0.0	0.0	331.0	155.0	22.5	99.0	1.0	0.0	0.0	26.1225	3.36358264169	180.5	100.5	608.5	7105614.0	446990.5	21.0	0.0	17.0
141	0.028169634985	0.0037944182287	3782660.0	395698.5	63651.0	56104.5	0.0	0.0	0.0	55.0	23.0	2.0	12.5	0.0	0.0	0.0	17.856	5.56261487381	28.0	13.0	92.5	4298114.0	653115.0	14.0	0.0	0.0
142	0.11356466877	0.161063737534	1483326.0	2003424.0	64238.0	138692.0	26537.0	0.0	0.0	152.0	80.0	5.0	31.0	8.0	0.0	0.0	8.012	0.961473637473	77.0	47.0	276.0	3716217.0	667668.0	35.0	40990.0	8.0
143	0.150943396226	0.327871495657	1134570.0	697342.0	32991.0	72094.0	0.0	0.0	0.0	56.0	38.0	6.0	41.0	0.0	0.0	0.0	13.161	2.06188877812	42.0	18.0	141.0	1936997.0	369519.0	5.0	0.0	1.0
144	0.0503597122302	0.0452613850182	1185889.0	797218.0	43375.0	25329.5	0.0	0.0	0.0	69.5	35.0	6.0	10.0	0.0	0.0	0.0	9.416	4.50971988487	31.5	14.0	120.5	2051811.5	371672.5	7.0	5403.0	1.0
145	0.28115942029	0.23659638854	1403583.0	978952.0	6103.0	484486.0	111.0	0.0	450837.0	297.0	109.0	7.0	143.0	3.0	0.0	2.0	15.065	1.38058635872	165.0	108.0	561.0	3324072.0	384962.0	16.0	182.0	13.0
146	0.181981760929	0.0906812879711	771477.0	1320807.5	277178.0	61549.5	201.0	0.0	0.0	82.5	63.0	8.0	52.5	3.0	0.0	0.0	10.2825	2.76482694757	78.5	37.5	209.0	2431213.0	393470.0	14.0	0.0	2.5
147	0.306976744186	0.476987202754	840549.0	1455865.0	204258.0	292973.0	3006.0	0.0	0.0	233.0	127.0	10.0	107.0	2.0	0.0	0.0	16.063	2.69416292009	145.0	87.0	479.0	2796651.0	676672.0	14.0	0.0	4.0
148	0.0629722921914	0.0502644514965	2227501.0	1543227.0	955018.0	435465.0	17534.0	0.0	0.0	206.0	86.0	23.0	41.0	11.0	0.0	0.0	13.592	0.733333636364	79.0	43.0	367.0	5178745.0	399243.0	23.0	530187.0	3.0
149	0.0677966101695	0.076768164975	8702716.0	415317.0	217983.0	16264.0	0.0	0.0	0.0	29.0	13.0	6.0	5.0	0.0	0.0	0.0	3.857	0.602312231896	11.0	6.0	53.0	9352280.0	369519.0	5.0	5953.0	2.0
151	0.103092783505	0.237843303441	1674918.0	1395792.5	233456.0	62588.0	0.0	0.0	0.0	29.0	43.0	3.0	10.0	0.0	0.0	0.0	7.766	1.66925626852	25.5	17.0	85.0	3366754.5	453540.0	10.5	0.0	1.0
152	0.116666666667	0.128494405834	851358.0	1699666.0	102451.0	109437.0	0.0	0.0	0.0	93.0	69.0	3.0	25.0	0.0	0.0	0.0	7.783	2.86802146281	70.0	39.0	190.0	2762912.0	594952.0	25.0	1141.0	7.0
153	0.0266666666667	0.0319807427785	939214.0	263323.0	100926.0	14964.0	0.0	0.0	0.0	15.0	29.0	21.0	3.0	0.0	0.0	0.0	1.57	1.79358734261	13.0	6.0	68.0	1318427.0	2739.0	2.0	1.0	1.0
154	0.0982658959538	0.0843803236797	745515.0	1299633.0	55109.0	92664.0	0.0	0.0	0.0	53.0	68.0	2.0	22.0	0.0	0.0	0.0	7.264	1.54782141599	55.0	29.0	145.0	2192921.0	580598.0	26.0	505.0	6.0
155	0.227459016393	0.127743001217	915262.0	2138940.0	59886.0	133932.0	0.0	0.0	0.0	182.0	122.0	17.0	78.0	0.0	0.0	0.0	12.145	1.82855692951	129.0	75.0	399.0	3248020.0	380964.0	13.0	2069.0	4.0
156	0.211380136953	0.147860870917	1283298.0	1651514.5	59090.0	137941.5	1369.0	0.0	0.0	179.5	109.0	8.5	83.0	1.0	0.0	0.0	12.48	1.611391014	111.5	60.5	381.0	3133213.0	488220.5	13.0	0.0	5.5
157	0.0517647058824	0.0645308261023	2620127.0	1858864.0	269501.0	140996.0	430.0	0.0	0.0	239.0	98.0	20.0	34.0	2.0	0.0	0.0	18.007	2.69117421708	85.0	41.0	393.0	4889918.0	552893.0	27.0	6676.0	3.0
158	0.0	0.0	2814.0	131165.0	58518.0	37650.0	0.0	0.0	0.0	4.0	7.0	2.0	1.0	0.0	0.0	0.0	0.902	3.74486457254	9.0	8.0	14.0	230147.0	55.0	1.0	0.0	0.0
159	0.125	0.304771697016	3531263.5	1732464.0	176806.0	190448.0	0.0	0.0	0.0	400.5	76.5	3.0	77.0	0.0	0.0	0.0	16.353	2.05524688298	99.5	53.5	557.0	5630981.5	391353.0	16.0	398916.0	12.5
160	0.210321302817	0.17281600222	1083209.0	1166976.5	108486.0	296044.0	0.0	0.0	0.0	99.0	89.0	12.0	55.0	0.0	0.0	0.0	9.416	2.27364220127	94.0	55.0	255.0	2654715.5	757929.5	18.0	16983.0	3.0
161	0.0365853658537	0.0579200833008	691201.0	457220.0	23534.0	23025.0	0.0	0.0	0.0	46.0	16.0	4.0	4.0	0.0	0.0	0.0	4.488	1.05542808587	25.0	10.0	70.0	1194980.0	28113.0	5.0	58.0	1.0
162	0.125	0.173367661587	1218767.0	964777.0	68794.0	90538.0	29844.0	0.0	0.0	114.0	78.0	6.0	22.0	6.0	0.0	0.0	6.069	3.10439390319	63.0	37.0	226.0	2372720.0	440119.0	27.0	0.0	2.0
163	0.269784172662	0.178514390377	814752.0	1162547.0	91016.0	283446.0	0.0	0.0	0.0	128.0	97.0	10.0	70.0	0.0	0.0	0.0	10.759	2.01810947095	118.0	65.0	305.0	2351761.0	607931.0	14.0	16987.0	4.0
164	0.051724137931	0.100102609957	160784.0	74792.0	29003.0	15012.0	79030.0	0.0	0.0	23.0	8.0	7.0	5.0	1.0	0.0	0.0	5.874	0.684625452346	16.5	6.0	44.0	358621.0	369519.0	5.0	0.0	0.0
165	0.0175438596491	0.0132428597055	351501.0	389687.5	54618.0	18948.0	0.0	0.0	0.0	33.0	16.0	2.0	5.5	0.0	0.0	0.0	1.975	1.12366498566	11.0	5.0	56.5	814754.5	1527.0	2.0	0.0	0.0
166	0.229817931982	0.122936410657	601862.0	1333378.0	111013.0	76295.5	91.0	0.0	0.0	95.0	64.5	13.0	46.5	0.5	0.0	0.0	9.961	2.3199382772	84.5	47.5	219.5	2122639.5	478509.5	18.5	58.0	1.0
168	0.0181818181818	0.00177462707831	739679.0	636298.0	262238.0	52506.5	0.0	0.0	0.0	19.0	17.0	1.0	2.0	0.0	0.0	0.0	5.453	1.6590346862	15.5	9.0	39.0	1690721.5	625561.5	17.5	0.0	0.0
169	0.0380986937591	0.0295685349199	153135.0	3498.0	255375.0	41064.0	8713.0	0.0	0.0	45.0	2.0	2.0	3.0	4.0	0.0	0.0	1.5925	0.415927637937	3.0	2.0	56.0	461785.0	210.0	1.0	0.0	0.0
170	0.026334026334	0.00728273501691	552605.5	683460.5	2159892.0	52564.0	0.0	0.0	0.0	13.0	15.0	3.0	1.0	0.0	0.0	0.0	3.407	0.627230141176	9.0	7.0	32.0	3448522.0	217437.0	4.0	6201.0	1.0
171	0.292397660819	0.453715287802	1260906.0	1438524.0	204230.0	298857.0	2886.0	0.0	0.0	196.0	114.0	10.0	81.0	2.0	0.0	0.0	18.436	1.92351284723	140.0	88.0	403.0	3205403.0	828799.0	16.0	0.0	4.0
172	0.249206349206	0.298619498869	540937.0	1556029.0	84309.0	135485.0	0.0	0.0	0.0	229.0	105.0	4.0	105.0	0.0	0.0	0.0	18.844	3.20491563772	195.0	116.0	443.0	2316760.0	479946.0	22.0	355642.0	21.0
173	0.054347826087	0.00613626745662	450991.0	367185.0	34751.0	37960.0	0.0	0.0	0.0	48.0	20.0	7.0	7.0	0.0	0.0	0.0	2.994	0.757942455225	20.0	7.0	82.0	890887.0	369464.0	4.0	0.0	0.0
174	0.22130804838	0.0850949682486	1216712.0	1089766.5	113457.0	129044.0	0.0	0.0	0.0	63.5	48.0	4.0	29.5	0.0	0.0	0.0	5.7505	4.79621278615	68.5	36.0	145.0	2548979.5	479258.5	11.0	0.0	2.0
175	0.0309253731343	0.034535560465	814555.0	648544.5	43013.0	29592.5	23839.0	0.0	0.0	49.0	39.0	8.0	13.5	10.0	0.0	0.0	9.0745	0.842697003673	30.0	13.0	119.5	1559544.0	376974.0	7.0	0.0	0.0
176	0.19298245614	0.194694717585	636686.0	2372506.0	207050.0	71444.0	4056.0	0.0	0.0	155.0	90.0	9.0	48.0	5.0	0.0	0.0	9.449	1.98040976556	104.0	56.0	307.0	3291742.0	399524.0	14.0	65.0	8.0
177	0.124903735079	0.0905999909935	452332.5	1480831.5	344203.0	94270.5	1320.0	0.0	0.0	73.0	66.5	14.0	16.0	1.0	0.0	0.0	7.6535	2.06524978816	55.0	27.5	170.5	2372957.5	758075.0	21.5	0.0	1.0
178	0.289182778375	0.252406883593	267983.0	1006793.0	121779.0	104054.0	1706.0	1985871.0	0.0	149.0	58.5	1.0	30.5	1.0	1.0	0.0	6.8555	1.32187550473	73.0	43.0	241.0	3488186.0	722562.5	17.0	155.0	11.0
180	0.03	0.00509495136637	932560.0	898307.0	176180.0	70112.0	0.0	0.0	0.0	69.0	11.0	2.0	4.0	0.0	0.0	0.0	4.663	0.0	11.0	7.0	86.0	2077159.0	369519.0	5.0	156944.0	6.0
181	0.0449438202247	0.0510392960097	322511.0	498765.0	34985.0	5951.0	0.0	0.0	0.0	48.0	25.0	3.0	4.0	0.0	0.0	0.0	6.278	0.720958535477	19.0	7.0	80.0	862212.0	421503.0	7.0	0.0	1.0
182	0.0376344086022	0.0255491134794	1635884.0	991834.0	161219.0	45576.0	182.0	0.0	0.0	79.0	41.0	16.0	24.0	1.0	0.0	0.0	8.734	1.04699946349	42.0	22.0	161.0	2834695.0	608143.0	12.0	973.0	1.0
183	0.0	0.0	5694.0	239639.0	36408.0	29555.0	0.0	0.0	0.0	1.0	10.0	2.0	3.0	0.0	0.0	0.0	0.286	0.0817898541808	8.0	5.0	16.0	311296.0	0.0	0.0	0.0	0.0
184	0.272123893805	0.25458975992	742343.0	1251043.0	114786.0	83932.0	0.0	0.0	0.0	126.0	73.0	8.0	65.0	0.0	0.0	0.0	9.829	1.93514111522	96.0	52.0	272.0	2192104.0	482361.0	25.0	0.0	2.0
185	0.0579710144928	0.0238794060303	477054.0	401582.0	49907.0	56419.5	0.0	0.0	0.0	15.0	26.0	5.0	10.0	0.0	0.0	0.0	3.281	2.08960853032	22.0	10.0	56.0	984962.5	369464.0	4.0	15018.5	3.0
186	0.118483412322	0.255264572524	2614877.0	1423498.0	163660.0	134845.0	0.0	0.0	0.0	131.0	63.0	17.0	73.0	0.0	0.0	0.0	16.116	2.69652002403	62.0	35.0	284.0	4336880.0	389793.0	8.0	0.0	7.0
187	0.382504288165	0.353723962488	1921051.0	1439552.0	102696.0	323970.0	5716.0	0.0	0.0	328.0	89.0	3.0	91.0	12.0	0.0	0.0	15.538	4.68553812871	162.0	85.0	523.0	3792985.0	1687127.0	30.0	100256.0	11.0
188	0.054435483871	0.0637046211007	349732.0	693644.5	114542.5	60672.0	4437.0	0.0	0.0	42.0	29.5	7.5	7.0	0.5	0.0	0.0	3.322	4.32584710635	28.5	15.0	86.5	1223028.0	379071.5	10.0	0.0	0.5
189	0.06	0.0599918655098	198177.0	237131.0	44745.0	19598.0	0.0	0.0	0.0	14.0	19.0	2.0	8.0	0.0	0.0	0.0	4.791	0.603451512878	23.0	10.0	43.0	499651.0	446679.0	6.0	58.0	1.0
190	0.0731707317073	0.0873190902826	730565.0	434085.0	334521.0	21168.0	0.0	0.0	0.0	14.0	10.0	1.0	3.0	0.0	0.0	0.0	5.753	0.738158435936	14.0	7.0	28.0	1520339.0	776971.0	11.0	0.0	0.0
191	0.338636363636	0.488344395675	340715.0	957195.0	73507.0	47365.0	0.0	0.0	0.0	161.0	48.0	3.0	85.0	0.0	0.0	0.0	13.273	4.9053910535	112.0	64.0	297.0	1418782.0	396231.0	15.0	24516.0	10.0
192	0.20703125	0.402279062858	927243.0	1280487.0	96498.0	95556.0	182.0	0.0	0.0	96.0	65.0	12.0	44.0	1.0	0.0	0.0	15.547	2.34341873297	78.0	47.0	218.0	2399966.0	482001.0	9.0	894.0	4.0
193	0.241970481206	0.142054793761	749338.0	1723847.0	118953.0	82229.0	234.5	0.0	0.0	101.5	72.5	10.0	43.5	3.5	0.0	0.0	10.577	1.83387502573	86.5	47.0	231.0	2674601.5	392476.0	14.0	0.0	1.0
194	0.276137924921	0.312870070316	375038.0	1227182.0	28767.5	93186.5	9399.0	0.0	0.0	157.5	92.0	4.0	69.5	1.0	0.0	0.0	15.5075	1.73066567756	107.0	62.5	324.0	1733573.0	372055.5	7.0	75829.0	13.5
195	0.156818181818	0.139380835381	3565996.0	2290372.0	179199.0	113725.0	1903.0	0.0	0.0	171.0	106.0	19.0	55.0	4.0	0.0	0.0	13.347	2.44600462796	104.0	62.0	355.0	6151195.0	2395455.0	24.0	41713.0	8.0
196	0.122912801484	0.200793053695	3183043.0	1318990.5	114408.0	144401.5	14857.0	0.0	1504957.0	119.0	61.0	6.0	43.0	3.0	0.0	2.0	11.5935	2.44063268232	76.0	33.5	234.0	6280657.0	475435.0	13.0	25010.0	1.0
197	0.164505247376	0.338493811598	2952521.5	671822.0	42121.0	46860.0	1797.0	0.0	0.0	49.5	25.0	6.0	14.0	1.0	0.0	0.0	5.8875	1.47464776811	31.5	17.0	95.5	3715121.5	440882.5	9.0	0.0	0.0
198	0.239074550129	0.199688702679	237431.0	1323543.0	53550.0	158635.0	4169.0	0.0	0.0	134.0	80.0	8.0	72.0	6.0	0.0	0.0	15.843	1.46759529816	110.0	53.0	300.0	1777328.0	448293.0	15.0	22.0	5.0
199	0.237314785624	0.234553548125	610076.5	1594047.5	84305.0	194935.5	91.0	0.0	0.0	283.0	109.0	4.0	126.0	0.5	0.0	0.0	20.1215	3.76121793218	188.5	110.5	522.5	2483455.5	452208.0	27.5	455547.0	27.5
200	0.124324324324	0.190144878349	3116161.0	1043819.0	113786.0	126307.0	14777.0	0.0	1504957.0	90.0	42.0	5.0	28.0	3.0	0.0	2.0	8.069	0.79362949654	55.0	26.0	170.0	5919807.0	427861.0	11.0	0.0	0.0
201	0.0470588235294	0.00590988595733	2092226.0	432945.5	135531.0	24960.5	5940.0	0.0	0.0	30.0	29.0	4.0	5.0	1.0	0.0	0.0	3.7805	0.587449955315	29.0	17.0	69.0	2691603.0	290645.0	8.5	0.0	1.0
202	0.045045045045	0.0767898383372	925966.0	552348.0	70693.0	24131.0	1392.0	0.0	0.0	37.0	24.0	2.0	51.0	2.0	0.0	0.0	3.803	1.81911366968	22.0	11.0	116.0	1574530.0	99395.0	8.0	0.0	0.0
203	0.135788106065	0.14068373576	3716039.0	1786878.0	198373.0	344282.0	87444.0	0.0	0.0	102.0	71.5	14.5	58.0	7.0	0.0	0.0	12.8305	6.79192509529	75.5	42.0	253.0	6133016.0	1120768.5	14.5	2.0	4.5
204	0.0793650793651	0.0186353960488	2357062.0	549848.0	69033.0	48411.0	182.0	0.0	0.0	37.0	44.0	10.0	20.0	1.0	0.0	0.0	5.572	0.482450099767	28.0	11.0	112.0	3024536.0	473820.0	7.0	0.0	0.0
205	0.310249307479	0.185320366991	153462.0	1046463.0	81598.0	59216.0	0.0	0.0	0.0	129.0	57.0	5.0	60.0	0.0	0.0	0.0	7.632	0.244595357456	146.0	104.0	251.0	1340739.0	438905.0	12.0	11212.0	9.0
206	0.195959944751	0.109640920458	233889.0	1062103.5	38650.0	75909.0	0.0	0.0	247349.0	59.5	41.0	8.0	32.5	0.0	0.0	1.0	15.531	1.15380498244	56.5	30.0	142.0	1657900.5	498226.5	14.5	100945.0	8.0
207	0.265017184541	0.0905280234769	914281.0	761043.0	44921.0	71746.0	0.0	0.0	0.0	186.0	69.0	9.0	101.0	0.0	0.0	0.0	11.461	4.03333133402	136.0	97.0	365.0	1791991.0	441393.5	26.0	51.5	7.5
208	0.222222222222	0.338381279127	3482944.0	2443070.0	425202.0	431598.0	651.0	0.0	0.0	124.0	72.0	9.0	67.0	3.0	0.0	0.0	26.495	2.29288068595	79.0	39.0	275.0	6783465.0	481194.0	12.0	0.0	1.0
209	0.0431034482759	0.0931880256259	198332.0	508128.0	275623.0	122041.5	12570.0	0.0	0.0	14.0	19.0	2.0	70.0	3.0	0.0	0.0	6.173	1.08593150797	20.0	8.0	108.0	1116694.5	369491.5	4.5	0.0	0.0
210	0.020618556701	0.0202505753004	1615662.0	1475201.0	443915.0	23776.0	0.0	0.0	0.0	36.0	38.0	7.0	2.0	0.0	0.0	0.0	5.957	0.872383070802	13.0	4.0	83.0	3558554.0	419910.0	13.0	0.0	0.0
211	0.0315789473684	0.00152566938744	927665.0	655305.0	64644.0	89618.0	0.0	0.0	0.0	36.0	30.0	9.0	11.0	0.0	0.0	0.0	3.71	0.526542273167	22.0	9.0	86.0	1737232.0	370375.0	5.0	15019.0	3.0
212	0.0384678612527	0.0576621408213	555827.0	129630.0	44130.0	60450.0	7146.0	0.0	0.0	24.0	16.0	7.0	6.0	5.0	0.0	0.0	3.3535	0.649390822233	16.5	8.0	58.0	797183.0	920072.0	25.0	0.0	0.0
213	0.0887290167866	0.146780660498	5815105.0	1775025.0	195882.0	107065.0	0.0	0.0	0.0	142.0	92.0	20.0	90.0	0.0	0.0	0.0	14.407	4.91883283816	79.0	49.0	344.0	7893077.0	556219.0	22.0	512.0	6.0
214	0.0346534653465	0.0176536591447	8105397.0	868448.0	46072.0	147351.0	4039.0	0.0	0.0	93.0	69.0	2.0	33.0	1.0	0.0	0.0	8.797	1.43136601422	36.0	15.0	198.0	9171307.0	369591.0	6.0	4349.0	1.0
215	0.0	0.0	3443.0	4277.0	62754.0	33616.0	0.0	0.0	0.0	5.0	2.0	4.0	1.0	0.0	0.0	0.0	1.616	2.78564867849	9.0	7.0	12.0	104090.0	2634.0	1.0	0.0	0.0
216	0.282786885246	0.134541372675	240123.0	647428.0	178437.0	43535.0	4459.0	0.0	0.0	78.0	55.0	7.0	45.0	1.0	0.0	0.0	7.721	3.02833323861	75.0	51.0	186.0	1113982.0	655315.0	14.0	0.0	1.0
217	0.0629292929293	0.0497142265693	1914476.5	1807186.5	102451.0	108571.0	0.0	0.0	0.0	80.5	69.0	3.0	22.5	0.0	0.0	0.0	6.8535	0.896975228198	61.0	34.0	175.0	3932685.0	598428.5	27.0	817.5	10.5
218	0.257142857143	0.162556529112	1074639.0	1454767.0	160587.0	81001.0	0.0	0.0	0.0	112.0	74.0	11.0	63.0	0.0	0.0	0.0	9.732	1.46851485404	93.0	53.0	260.0	2770994.0	806512.0	33.0	0.0	2.0
219	0.142307692308	0.278367483243	4859187.0	1777996.0	183320.0	179182.0	0.0	0.0	0.0	305.0	72.0	3.0	73.0	0.0	0.0	0.0	15.137	1.65107096969	85.0	48.0	453.0	6999685.0	395916.0	19.0	456678.0	15.0
220	0.0882352941176	0.201522615316	385455.0	121865.0	38216.0	5737.0	0.0	0.0	0.0	9.0	10.0	8.0	2.0	0.0	0.0	0.0	2.28	0.643131881719	6.0	3.0	29.0	551273.0	55.0	1.0	200366.0	4.0
221	0.0976430976431	0.117581448433	1221548.0	1195799.0	194622.0	120768.0	0.0	0.0	0.0	114.0	74.0	15.0	36.0	0.0	0.0	0.0	5.682	1.3373637233	58.0	33.0	239.0	2732737.0	407319.0	13.0	0.0	0.0
222	0.189831267413	0.19439519951	332601.0	2056331.0	55995.0	138781.0	0.0	0.0	-2.0	149.0	106.5	4.0	66.0	0.0	0.0	2.0	12.063	1.56305730506	113.0	60.0	327.5	2583706.0	774472.5	39.0	15.0	4.0
223	0.0537634408602	0.0997580560328	279492.0	802370.0	105419.0	48199.0	16041.0	0.0	0.0	22.0	38.0	8.0	5.0	1.0	0.0	0.0	5.364	1.46922709168	39.0	18.0	74.0	1251521.0	390224.0	8.0	0.0	0.0
224	0.013698630137	0.00946734684498	1192894.0	147706.0	46364.0	112297.0	0.0	0.0	0.0	48.0	10.0	7.0	2.0	0.0	0.0	0.0	4.579	0.993766236765	14.0	7.0	67.0	1499261.0	370732.0	5.0	0.0	0.0
226	0.130952380952	0.28781445537	3585632.0	1666905.0	183667.0	160625.0	0.0	0.0	0.0	252.0	62.0	4.0	57.0	0.0	0.0	0.0	15.11	1.63769176617	84.0	45.0	375.0	5596829.0	390962.0	15.0	406718.0	12.0
227	0.0395263092113	0.00537420521457	788163.0	593814.0	42614.0	66268.0	0.0	0.0	0.0	59.5	27.0	9.0	18.5	0.0	0.0	0.0	5.541	0.668387619574	28.5	10.0	114.0	1490859.0	374328.0	6.5	0.0	0.0
228	0.312039312039	0.25284738041	1212689.0	1141640.0	48062.0	184552.0	0.0	0.0	0.0	170.0	59.0	7.0	96.0	0.0	0.0	0.0	15.207	1.65309880935	122.0	71.0	332.0	2586943.0	383921.0	13.0	0.0	4.0
229	0.198717948718	0.236288082283	403524.0	639859.0	42446.0	27520.0	182.0	0.0	0.0	49.0	41.0	4.0	37.0	1.0	0.0	0.0	7.753	1.36272136043	52.0	29.0	132.0	1113531.0	370485.0	8.0	0.0	5.0
230	0.058064516129	0.0882801148244	4187752.0	1019154.0	73472.0	100749.0	26947.0	0.0	0.0	156.0	73.0	49.0	22.0	30.0	0.0	0.0	5.795	0.73712007163	46.0	23.0	330.0	5408074.0	369523.0	7.0	105228.0	4.0
231	0.309637188209	0.293009892071	494629.0	1389966.5	115074.0	76962.5	0.0	0.0	0.0	156.5	86.5	10.0	76.0	0.0	0.0	0.0	10.0945	2.21946322339	126.0	65.5	329.0	2076632.0	487174.5	31.0	0.0	10.5
232	0.106420908284	0.0829767788932	1159079.5	836448.5	99768.0	79275.0	182.0	0.0	0.0	84.0	58.5	19.0	35.0	1.0	0.0	0.0	15.3235	1.15130343524	51.5	26.5	197.5	2174753.0	544462.0	7.0	0.0	2.5
233	0.182561307902	0.194471629586	913705.0	1678299.0	67660.0	111555.0	838.0	0.0	0.0	126.0	97.0	9.0	53.0	1.0	0.0	0.0	12.031	2.21569730122	104.0	56.0	286.0	2772057.0	771048.0	42.0	2.0	3.0
234	0.0	0.0	0.0	0.0	0.0	248.0	0.0	0.0	0.0	0.0	0.0	0.0	1.0	0.0	0.0	0.0	0.172	0.0237943867226	1.0	1.0	1.0	248.0	0.0	0.0	0.0	0.0
235	0.349719101124	0.321677749918	190035.0	1387441.0	81598.0	86542.0	9120.0	0.0	0.0	288.0	83.0	5.0	118.0	1.0	0.0	1.0	13.233	2.10015706896	208.0	135.0	496.0	1754736.0	442660.0	16.0	12247.0	12.0
236	0.0454545454545	0.0219638718222	908903.0	267086.0	203963.0	60645.0	0.0	0.0	0.0	31.0	21.0	11.0	11.0	0.0	0.0	0.0	7.268	7.15115551571	21.0	8.0	74.0	1440597.0	963452.0	16.0	0.0	0.0
237	0.0983699296011	0.0951118072846	5823758.0	1138959.5	147191.0	99220.5	33.5	0.0	0.0	114.0	49.0	11.0	22.0	0.5	0.0	0.0	5.5465	3.06537060361	62.0	30.0	196.5	7209162.5	399916.0	13.0	0.0	1.0
238	0.0487804878049	0.0518704809808	214531.0	24471.0	317721.0	56236.0	8713.0	0.0	0.0	31.0	3.0	4.0	3.0	4.0	0.0	0.0	1.764	0.42217490963	3.0	2.0	45.0	621672.0	55.0	1.0	0.0	0.0
239	0.0	0.0	0.0	29.0	0.0	6750.0	0.0	0.0	0.0	0.0	1.0	0.0	1.0	0.0	0.0	0.0	0.138	0.0237253029485	1.0	1.0	2.0	6779.0	0.0	0.0	1.0	1.0
240	0.23699211746	0.1749074813	1201252.0	1140709.5	91326.0	324077.5	134.0	0.0	0.0	128.5	85.5	11.0	54.5	2.0	0.0	0.0	8.98	3.31808393269	100.0	56.5	281.5	2757499.0	612658.5	13.0	16980.0	2.5
241	0.0842108995497	0.0995540639246	1037522.5	1383657.5	202786.0	59434.0	0.0	0.0	0.0	95.0	64.5	5.0	29.5	0.0	0.0	0.0	5.8165	0.38199474391	65.0	37.0	194.0	2683400.0	593069.5	26.0	16021.5	6.0
242	0.324664441954	0.253373045308	306204.5	1058576.0	81598.0	84108.5	0.0	0.0	0.0	247.5	77.0	5.0	98.5	0.0	0.0	0.0	12.447	4.21197135407	193.5	135.0	428.0	1530487.0	440087.0	13.5	15527.0	11.0
243	0.040404040404	0.0268032911009	669288.0	279011.0	431416.0	16963.0	0.0	0.0	0.0	38.0	30.0	11.0	17.0	0.0	0.0	0.0	5.495	0.750915867458	22.0	9.0	96.0	1396678.0	369519.0	5.0	0.0	0.0
244	0.268229166667	0.23956660027	13690833.0	1161577.0	127240.0	136993.0	0.0	0.0	0.0	111.0	74.0	7.0	83.0	0.0	0.0	0.0	16.874	2.57725656227	95.0	50.0	275.0	15116643.0	375271.0	10.0	0.0	5.0
245	0.117673836349	0.140630434898	2214819.0	1585196.5	159328.0	180329.5	14905.5	0.0	1504957.0	113.5	58.5	5.0	45.0	3.0	0.0	2.0	9.9975	1.63262644514	76.5	34.0	227.0	5659535.5	454722.0	12.0	50022.5	1.0
246	0.306235125478	0.145320026162	1168253.5	918488.0	43305.0	105685.5	0.0	0.0	0.0	130.0	53.0	9.0	72.5	0.0	0.0	0.0	12.4395	2.52227977235	85.5	54.0	264.5	2235732.0	377445.5	13.0	0.0	3.0
247	0.22955688811	0.222223112773	1385937.5	1225675.5	96130.0	290643.5	584.0	0.0	0.0	180.5	97.0	9.0	110.0	2.0	0.0	0.0	17.165	2.80159405239	131.0	69.0	398.5	2998970.5	634381.0	36.5	5737.0	4.5
248	0.344827586207	0.351639283325	476383.0	705213.0	52378.0	149711.0	0.0	0.0	0.0	466.0	120.0	4.0	238.0	0.0	0.0	0.0	19.41	1.16697386432	231.0	135.0	828.0	1383685.0	377596.0	26.0	1228.0	27.0
249	0.0444468832309	0.0630512904459	1658444.0	297975.0	80463.0	57189.0	0.0	0.0	0.0	18.0	26.0	11.0	6.0	0.0	0.0	0.0	2.4145	0.448401338089	16.5	11.0	61.0	2094071.0	106411.0	4.5	26.0	2.0
250	0.146551724138	0.288337888846	4456937.0	1684973.0	183946.0	171178.0	0.0	0.0	0.0	276.0	66.0	4.0	64.0	0.0	0.0	0.0	16.065	1.62957785945	84.0	48.0	410.0	6497034.0	390901.0	15.0	406674.0	13.0
251	0.0847457627119	0.079427402863	1030473.0	1702163.0	102450.0	59027.0	0.0	0.0	0.0	96.0	70.0	3.0	34.0	0.0	0.0	0.0	6.506	1.93624884254	67.0	38.0	203.0	2894113.0	593219.0	28.0	1209.0	5.0
252	0.153846153846	0.101373301831	1394040.0	304664.0	29873.0	33247.0	3608.0	0.0	0.0	63.0	25.0	1.0	13.0	1.0	0.0	0.0	2.719	0.546572778749	35.0	20.0	103.0	1765432.0	61331.0	13.0	109668.0	4.0
253	0.25	0.175531914894	0.0	29.0	0.0	6988.0	0.0	0.0	0.0	0.0	1.0	0.0	2.0	0.0	0.0	0.0	0.156	0.143692143483	1.0	1.0	3.0	7017.0	0.0	0.0	1.0	1.0
254	0.00947888589398	0.0019435094265	205885.0	381385.5	37907.0	39085.0	15481.0	0.0	0.0	28.0	27.0	36.0	4.0	2.0	0.0	0.0	3.0955	0.78268816268	20.0	11.0	97.0	679743.5	192629.5	11.0	0.0	0.0
255	0.257534246575	0.189476602893	2159140.0	1049657.0	141130.0	86211.0	6177.0	0.0	0.0	139.0	67.0	9.0	68.0	1.0	0.0	0.0	10.659	1.11427516162	107.0	60.0	284.0	3442315.0	431840.0	11.0	50.0	5.0
256	0.209084249084	0.119382860218	1422765.0	1608271.0	341652.5	69439.5	0.0	0.0	-0.5	127.5	68.5	26.0	52.5	0.0	0.0	0.5	9.1805	1.50164682516	87.5	50.5	275.0	3442127.5	488288.5	9.0	14011.0	4.5
257	0.0522898154477	0.0717180364275	1470617.5	914997.0	70628.0	66358.0	0.0	0.0	0.0	69.5	29.0	6.0	22.5	0.0	0.0	0.0	11.959	3.0456538871	36.0	17.5	127.0	2522600.5	716135.5	13.0	0.0	0.0
258	0.0392156862745	0.0317913407973	917748.0	1299654.5	261031.0	44492.5	3774.0	0.0	0.0	26.0	44.0	14.0	5.0	1.0	0.0	0.0	6.767	1.22641334284	20.0	11.0	90.0	2526700.0	369968.0	9.0	64464.0	1.0
259	0.0877815687138	0.080510076354	1371658.0	1757861.5	192792.0	133789.0	0.0	0.0	0.0	86.5	72.0	4.0	30.0	0.0	0.0	0.0	7.114	1.74149262416	65.5	38.0	192.5	3456100.5	593067.0	26.0	1136.5	6.5
260	0.333333333333	0.502196193265	1448.0	16022.0	0.0	1411.0	0.0	0.0	0.0	2.0	1.0	0.0	3.0	0.0	0.0	0.0	0.918	0.529546346728	5.0	3.0	6.0	18881.0	55.0	1.0	0.0	0.0
261	0.0516192994052	0.0409167168469	2242578.0	507864.0	36836.0	89518.5	0.0	0.0	0.0	56.0	11.0	2.0	13.0	0.0	0.0	0.0	4.6915	1.65685029197	15.5	7.0	82.0	2876796.5	369530.5	6.0	0.0	0.0
262	0.118414807784	0.0501351160754	1544838.5	636968.0	127180.0	30720.0	0.0	0.0	0.0	43.0	43.0	9.0	15.0	0.0	0.0	0.0	4.9825	2.47902565739	41.0	21.5	110.0	2339706.5	369531.0	5.0	58.0	1.0
263	0.252525252525	0.228010810074	1205389.0	1197728.0	133557.0	79571.0	980.0	0.0	0.0	167.0	103.0	19.0	78.0	8.0	0.0	0.0	12.884	1.3353944902	117.0	66.0	375.0	2617225.0	421393.0	21.0	0.0	3.0
264	0.170879120879	0.250205347183	1386397.0	1471363.0	176777.5	150584.0	0.0	0.0	0.0	164.5	68.5	2.5	54.0	0.0	0.0	0.0	13.839	3.78664228572	80.0	44.5	289.5	3185121.5	385625.5	15.5	356757.5	13.0
265	0.0178571428571	0.00906704843713	500249.0	491683.0	96501.0	22599.0	0.0	0.0	0.0	32.0	9.0	6.0	4.0	0.0	0.0	0.0	2.374	0.454040570331	12.0	7.0	51.0	1111032.0	72206.0	2.0	0.0	0.0
266	0.329543740573	0.295120945524	284645.5	1338118.5	82159.5	122063.5	9112.0	0.0	0.0	242.0	73.5	5.5	97.0	1.0	0.0	1.0	13.269	4.45383992858	192.5	129.0	420.0	1836099.0	443924.0	14.0	17758.5	12.0
267	0.272872340426	0.386883831156	3804277.5	2529689.0	551092.5	481694.0	1333.0	0.0	0.0	535.5	201.5	14.5	226.0	1.0	0.0	0.0	27.4865	2.05531730451	221.0	123.5	978.5	7368086.0	457816.5	43.5	35674.0	27.5
268	0.117080896686	0.142726101213	529478.0	1918995.5	543967.5	198775.5	5570.0	0.0	0.0	31.5	45.5	10.5	15.0	2.0	0.0	0.0	4.6965	4.57439711984	36.5	21.0	104.5	3196786.5	644089.0	10.5	24908.0	1.0
269	0.0887573964497	0.0221118148067	281091.0	1721494.0	305442.0	151790.0	0.0	0.0	0.0	56.0	45.0	6.0	15.0	0.0	0.0	0.0	4.563	0.658030919758	47.0	24.0	122.0	2459817.0	595755.0	17.0	0.0	1.0
271	0.093023255814	0.11875100682	2645300.0	2329333.0	108911.0	247841.0	25788.0	0.0	787310.0	175.0	109.0	16.0	30.0	6.0	0.0	12.0	9.3	1.75640387155	75.0	45.0	348.0	6144483.0	434106.0	29.0	40990.0	8.0
272	0.0987654320988	0.27010104875	3305051.0	1614967.0	176527.0	225036.0	0.0	0.0	0.0	397.0	68.0	3.0	57.0	0.0	0.0	0.0	12.942	4.39106262625	81.0	48.0	525.0	5321581.0	390920.0	16.0	356738.0	12.0
274	0.307692307692	0.315597682991	813813.0	1320631.0	73381.0	353503.0	0.0	0.0	0.0	288.0	112.0	11.0	136.0	0.0	0.0	0.0	17.335	2.59325419759	173.0	103.0	547.0	2561328.0	410638.0	36.0	0.0	8.0
275	0.0454545454545	0.0547190956488	3409256.0	1294076.0	198709.0	118839.0	0.0	0.0	0.0	118.0	67.0	21.0	23.0	0.0	0.0	0.0	6.503	0.772548564137	52.0	23.0	229.0	5020880.0	425664.0	11.0	58.0	1.0
276	0.225	0.268049155146	0.0	29.0	0.0	6989.0	0.0	0.0	0.0	0.0	1.0	0.0	2.0	0.0	0.0	0.0	0.1355	0.0417276886491	1.0	1.0	3.0	7018.0	0.0	0.0	1.0	1.0
277	0.244654183026	0.272799905102	868961.5	846587.0	95277.0	126693.0	1874.0	0.0	0.0	155.0	89.5	20.0	77.5	4.0	0.0	0.0	9.2505	3.09186993043	97.5	55.0	346.0	1939392.5	439704.0	14.0	0.0	1.0
278	0.15035660642	0.259127786351	18804951.5	1745980.5	183320.0	169108.0	0.0	0.0	0.0	253.5	69.0	3.0	62.0	0.0	0.0	0.0	14.369	2.10906192654	87.5	48.5	387.5	20903360.0	390591.5	15.0	356773.0	12.5
279	0.199104494761	0.170538204955	752615.5	1432201.0	149978.0	136664.5	0.0	0.0	0.0	124.5	70.5	17.0	66.5	0.0	0.0	0.0	15.1775	4.04381634219	95.5	57.0	278.5	2471459.0	385673.0	16.5	2.0	3.5
280	0.191378066378	0.386506358448	482561.0	1313544.5	211887.0	65636.5	182.0	0.0	0.0	53.5	34.0	2.0	32.0	1.0	0.0	0.0	15.419	3.69528014635	46.0	25.0	122.5	2073811.0	1037740.0	14.0	0.0	1.0
281	0.0167364016736	0.125735198013	3393496.0	158940.0	383880.0	52540.0	0.0	0.0	0.0	196.0	5.0	16.0	4.0	0.0	0.0	0.0	2.898	0.428328303761	17.0	10.0	221.0	3988856.0	82694.0	3.0	0.0	0.0
282	0.153284671533	0.116946579372	1760982.0	973397.0	281337.0	163898.0	39820.0	0.0	0.0	41.0	36.0	13.0	16.0	4.0	0.0	0.0	7.084	1.11779512909	31.0	18.0	110.0	3219434.0	436143.0	6.0	0.0	1.0
283	0.0388349514563	0.0434002361275	1483077.0	837884.0	310797.0	115203.0	0.0	0.0	0.0	22.0	28.0	16.0	13.0	0.0	0.0	0.0	6.091	0.354523711095	28.0	13.0	79.0	2746961.0	573814.0	23.0	0.0	0.0
284	0.25	0.266666666667	0.0	29.0	0.0	6987.0	0.0	0.0	0.0	0.0	1.0	0.0	2.0	0.0	0.0	0.0	0.13	0.0178892339511	1.0	1.0	3.0	7016.0	0.0	0.0	1.0	1.0
285	0.2	0.423076923077	0.0	29.0	0.0	7393.0	0.0	0.0	0.0	0.0	1.0	0.0	3.0	0.0	0.0	0.0	0.118	0.0171622612111	2.0	2.0	4.0	7422.0	0.0	0.0	1.0	1.0
287	0.292212911251	0.212997436055	412177.0	1537013.0	116886.0	91895.5	0.0	0.0	0.0	141.5	77.0	10.0	65.0	0.0	0.0	0.0	10.459	3.40657410155	108.0	55.0	293.5	2157971.5	478803.0	24.0	0.0	5.0
288	0.317234848485	0.456788082017	3738884.0	2168455.0	109508.0	423224.0	7670.0	0.0	-1.0	899.0	255.0	39.0	425.0	3.0	0.0	1.0	30.027	0.0	255.0	137.0	1622.0	6447740.0	393969.0	61.0	0.0	28.0
289	0.160447761194	0.0620797391836	1117707.0	1111769.0	106684.0	117002.0	0.0	0.0	0.0	108.0	63.0	16.0	42.0	0.0	0.0	0.0	6.849	1.97441049843	64.0	35.0	229.0	2453162.0	422039.0	15.0	1.0	1.0
290	0.0344827586207	0.0572940373236	662053.0	87078.0	20453.0	14119.0	0.0	0.0	0.0	24.0	15.0	9.0	3.0	0.0	0.0	0.0	4.407	0.655514066484	11.0	5.0	51.0	783703.0	369519.0	5.0	0.0	0.0
291	0.0177514792899	0.0060568411244	4622737.0	638612.0	82287.0	46961.0	0.0	0.0	0.0	137.0	27.0	7.0	14.0	0.0	0.0	0.0	5.261	0.780251032341	28.0	10.0	185.0	5390597.0	434916.0	5.0	0.0	0.0
292	0.139653304442	0.0777445649574	1584769.0	556073.5	85796.0	61636.0	8885.0	0.0	0.0	39.0	41.0	18.0	17.0	2.0	0.0	0.0	5.077	0.420034058143	33.0	19.0	117.0	2297159.5	413954.0	6.0	0.0	0.0
293	0.141439205955	0.222162772113	1215754.0	2285759.0	215929.0	136459.0	0.0	298261.0	1031624.0	169.0	89.0	7.0	53.0	0.0	3.0	5.0	26.782	1.30942074746	92.0	48.0	326.0	5183786.0	391039.0	15.0	406500.0	12.0
294	0.129231992729	0.0387630686367	4070133.5	532720.0	74710.0	48050.0	892.0	0.0	0.0	62.5	45.0	2.0	34.0	2.0	0.0	0.0	5.7755	0.427498128651	37.0	22.0	145.5	4726505.5	414969.0	9.5	0.0	3.0
295	0.0389946438911	0.0460517930654	6162908.0	1033557.0	142548.0	227618.0	542.5	0.0	8955892.5	182.0	52.0	16.0	28.0	1.5	0.0	1.0	9.086	3.78345152077	53.5	25.5	280.5	16523066.0	741219.0	10.0	6.5	1.5
296	0.111388685785	0.134793611706	1199538.5	1534242.5	225285.5	90727.5	0.0	0.0	0.0	90.5	136.5	35.5	35.0	0.0	0.0	0.0	13.1195	1.4143201547	63.5	36.0	297.5	3049794.0	387489.0	17.5	2.0	2.0
297	0.105295566502	0.134760822964	1070999.0	748882.5	16098.0	50490.5	0.0	0.0	0.0	29.5	30.5	6.0	32.0	0.0	0.0	0.0	9.7165	1.96476906786	29.5	13.5	98.0	1886470.0	369519.0	5.0	0.0	3.5
298	0.103899680116	0.30929586786	5849356.0	1583623.0	176180.0	191079.0	0.0	0.0	0.0	410.5	61.5	2.0	56.5	0.0	0.0	0.0	14.63	3.70781401233	81.5	45.5	530.5	7800238.0	390902.5	15.5	356777.5	12.5
299	0.208044382802	0.113857314161	2884358.0	1887370.0	108804.0	201864.0	402.0	0.0	217932.0	364.0	86.0	18.0	114.0	1.0	0.0	1.0	18.014	3.89278810236	143.0	89.0	584.0	5300730.0	474702.0	20.0	112471.0	6.0
300	0.125968992248	0.144809669039	1364674.0	2707228.0	207050.0	70641.0	3989.0	0.0	0.0	306.0	92.0	9.0	45.0	4.0	0.0	0.0	9.936	1.07220918818	93.0	47.0	456.0	4353582.0	400679.0	14.0	0.0	2.0
301	0.10101010101	0.0112408667957	837508.0	194356.0	16810.0	22151.0	0.0	0.0	0.0	43.0	20.0	6.0	13.0	0.0	0.0	0.0	4.819	1.04808725252	30.0	14.0	82.0	1070825.0	3072.0	4.0	0.0	1.0
302	0.0900113668656	0.0983942808707	1048959.0	1597415.5	102436.0	70705.0	0.0	0.0	0.0	75.0	63.0	3.0	27.0	0.0	0.0	0.0	5.316	0.926547510924	62.0	34.5	168.0	2819515.5	593118.5	26.0	1134.5	4.5
303	0.0554594386774	0.0491485452489	631769.0	1847852.0	639560.0	288000.5	5832.0	0.0	0.0	118.0	91.0	19.0	36.0	2.0	0.0	0.0	12.615	1.63655101968	68.0	40.0	266.0	3413013.5	447700.5	20.0	1414.0	3.0
304	0.0671140939597	0.175255924835	992356.0	706349.0	196985.0	115911.0	182.0	0.0	0.0	52.0	48.0	12.0	25.0	1.0	0.0	0.0	7.071	3.83186913947	22.0	11.0	138.0	2011783.0	371691.0	6.0	0.0	1.0
305	0.0941701615011	0.235051052929	2958389.5	1299404.5	327625.0	126095.0	0.0	0.0	0.0	233.5	86.0	7.0	48.0	0.0	0.0	0.0	24.321	3.1538278726	81.0	44.0	374.5	4711514.0	1189053.5	20.0	0.0	2.0
306	0.268896154505	0.209508182736	2767077.5	2390744.0	70432.5	623784.5	120354.5	0.0	468026.5	375.5	148.0	16.0	196.5	9.0	0.0	1.0	24.8955	1.97619210155	218.0	112.0	746.0	6440419.5	1051429.5	40.5	5299.0	12.5
307	0.062015503876	0.0896016554578	2180258.0	472477.0	101051.0	22801.0	0.0	0.0	0.0	64.0	38.0	4.0	4.0	0.0	0.0	0.0	5.022	0.586682386153	39.0	17.0	110.0	2776587.0	369721.0	10.0	58.0	2.0
308	0.268518518519	0.194620916508	990079.0	1555410.0	116433.0	97373.0	0.0	0.0	0.0	131.0	70.0	9.0	61.0	0.0	0.0	0.0	9.502	2.15540782999	100.0	51.0	271.0	2759295.0	499028.0	28.0	0.0	5.0
309	0.0917030567686	0.0995973241541	1000635.0	1358195.0	192792.0	60613.0	182.0	0.0	0.0	86.0	61.0	4.0	33.0	1.0	0.0	0.0	5.288	1.17733993958	57.0	33.0	185.0	2612417.0	593083.0	26.0	509.0	4.0
310	0.0433234237582	0.0989482515686	1299554.0	1886976.0	141691.5	109857.0	7995.5	0.0	0.0	140.5	87.0	21.0	38.0	2.0	0.0	0.0	13.1885	2.31165257108	63.0	28.5	288.5	3446074.0	397161.0	11.0	1.0	4.0
311	0.213793103448	0.154448671633	1344870.0	1781085.0	276935.0	302271.0	134.0	0.0	0.0	164.0	114.0	23.0	64.0	2.0	0.0	0.0	10.696	2.46700999613	110.0	62.0	367.0	3705295.0	612728.0	14.0	0.0	3.0
312	0.15811965812	0.226510092636	282889.0	2487090.0	314922.0	150881.0	2778.0	0.0	0.0	80.0	75.0	6.0	56.0	1.0	0.0	0.0	10.807	2.31134407651	65.0	35.0	218.0	3238560.0	369601.0	6.0	1.0	5.0
313	0.103015125119	0.0881485528923	7250456.0	2239199.0	195848.0	396861.0	7010.0	0.0	0.0	254.0	119.0	19.5	79.5	7.5	0.0	0.0	17.962	3.28107560251	103.5	57.0	479.5	10089374.0	620639.5	14.0	0.0	1.5
314	0.176470588235	0.0895850660752	2328162.0	1133690.0	123906.0	45490.0	0.0	0.0	0.0	119.0	58.0	7.0	47.0	0.0	0.0	0.0	9.73	1.4209272403	86.0	49.0	231.0	3631248.0	1527942.0	21.0	0.0	2.0
315	0.00757575757576	0.0180878552972	1236983.0	220654.0	21863.0	46184.0	0.0	0.0	0.0	109.0	13.0	5.0	2.0	0.0	0.0	0.0	0.986	0.353044780848	4.0	2.0	129.0	1525684.0	3016.0	2.0	0.0	1.0
316	0.025641025641	0.0215577190542	269950.0	72107.0	46517.0	33788.0	0.0	0.0	0.0	15.0	10.0	6.0	2.0	0.0	0.0	0.0	1.06	0.630590336779	5.0	4.0	33.0	422362.0	56835.0	2.0	0.0	0.0
317	0.313524590164	0.192035460659	250844.0	1308660.0	81598.0	77017.0	0.0	0.0	0.0	181.0	74.0	5.0	82.0	0.0	0.0	0.0	12.495	5.94314856695	178.0	123.0	342.0	1718119.0	1745148.0	25.0	18583.0	12.0
318	0.273209549072	0.346298675738	1599968.0	1761623.0	339816.0	314876.0	0.0	0.0	0.0	170.0	110.0	17.0	88.0	0.0	0.0	0.0	20.094	1.87364140079	138.0	72.0	385.0	4016283.0	610519.0	19.0	16977.0	5.0
319	0.00884955752212	0.00175166269251	362670.0	383369.5	37155.0	39267.0	15481.0	0.0	0.0	35.0	28.0	34.0	5.0	2.0	0.0	0.0	2.9995	0.707952286528	21.0	12.0	104.0	837942.5	166324.5	10.5	0.0	0.0
320	0.222894758518	0.230226406735	358400.0	1383266.0	46690.5	151095.5	0.0	0.0	0.0	249.0	99.5	5.0	100.5	0.0	0.0	0.0	20.8715	1.62386514218	173.0	88.0	454.0	1939452.0	452708.5	23.0	505523.0	30.5
321	0.0710084033613	0.0708677970408	852202.0	747693.0	59706.0	67121.0	0.0	0.0	0.0	46.0	22.0	3.0	9.0	0.0	0.0	0.0	1.9655	0.639461179432	12.0	10.0	80.0	1726722.0	80066.5	5.0	0.0	0.0
322	0.027397260274	0.0597632753379	1137701.0	867455.0	59047.0	121797.0	0.0	0.0	0.0	29.0	46.0	8.0	41.0	0.0	0.0	0.0	6.187	0.579657071886	21.0	9.0	124.0	2186000.0	445870.0	10.0	0.0	0.0
323	0.0964467005076	0.0720556857533	970327.0	950938.0	89192.0	79248.0	182.0	0.0	0.0	41.0	47.0	17.0	61.0	1.0	0.0	0.0	7.851	0.852452076782	31.0	18.0	167.0	2089887.0	374841.0	12.0	0.0	1.0
324	0.202352941176	0.169965295353	705628.5	2024083.0	315312.0	327519.5	0.0	0.0	0.0	115.5	97.0	24.0	53.0	0.0	0.0	0.0	9.8665	3.62318285489	102.5	55.5	289.5	3372543.0	609342.0	14.5	0.0	2.0
325	0.0689655172414	0.00399033917883	162405.0	248882.0	48075.0	31073.0	0.0	0.0	0.0	6.0	8.0	1.0	6.0	0.0	0.0	0.0	3.08	0.563713086991	16.0	9.0	21.0	490435.0	260380.0	8.0	0.0	0.0
326	0.0173913043478	0.0705056036581	1241438.0	1067026.0	682985.0	88621.0	4781.0	0.0	0.0	29.0	30.0	33.0	5.0	1.0	0.0	0.0	5.7625	1.28340703208	20.5	10.0	98.0	3084851.0	659844.0	14.0	0.0	0.0
328	0.234390065178	0.150421162843	783576.5	1249884.0	68997.0	103457.0	0.0	0.0	0.0	90.5	70.0	9.0	56.5	0.0	0.0	0.0	9.0725	2.08813527759	87.0	45.5	226.0	2205914.5	455360.5	24.0	0.0	5.0
330	0.275956284153	0.130984346174	2561841.0	1099176.0	43153.0	104109.0	0.0	0.0	0.0	137.0	54.0	9.0	68.0	0.0	0.0	0.0	12.047	1.47734157271	90.0	58.0	268.0	3808279.0	377447.0	12.0	0.0	3.0
331	0.0430157261795	0.0248335963769	214429.0	924306.5	105894.0	79353.5	0.0	0.0	0.0	17.0	14.0	3.0	7.0	0.0	0.0	0.0	4.6785	0.636781634471	11.0	3.0	41.0	1323983.0	369603.5	5.5	0.0	0.0
332	0.0	0.0	102029.0	159926.0	17494.0	27652.0	0.0	0.0	0.0	8.0	5.0	3.0	1.0	0.0	0.0	0.0	0.581	0.140401804357	2.0	2.0	17.0	307101.0	55.0	1.0	0.0	0.0
333	0.2	0.2516692827	1522657.0	1386017.5	67746.5	112116.0	0.0	0.0	0.0	153.0	82.5	6.5	42.0	0.0	0.0	0.0	8.333	1.66241154318	101.0	50.0	284.0	3088537.0	773107.0	45.0	2.0	2.5
334	0.0728151260504	0.0043290637391	2813149.0	1109021.5	166579.0	91414.0	48279.0	0.0	0.0	42.0	29.0	6.0	18.5	5.0	0.0	0.0	7.1935	1.73103882106	35.0	13.0	100.5	4228442.5	555018.5	13.0	0.0	0.0
335	0.167734631663	0.116288751179	802117.0	1295549.5	87555.0	121977.0	0.0	0.0	0.0	90.0	73.0	12.0	37.5	0.0	0.0	0.0	5.6935	2.04018373866	74.0	48.0	212.5	2307198.5	407456.0	14.0	0.0	2.0
336	0.0694444444444	0.0476338054359	914188.0	925296.0	79309.0	8157.0	1931.0	0.0	0.0	33.0	14.0	4.0	6.0	1.0	0.0	0.0	6.37	0.884581689519	23.0	13.0	58.0	1928881.0	460791.0	9.0	0.0	0.0
337	0.265625	0.16806031917	284952.0	1148117.0	91677.0	314116.0	0.0	0.0	0.0	100.0	86.0	14.0	55.0	0.0	0.0	0.0	11.406	1.22086590215	92.0	51.0	255.0	1838862.0	614171.0	15.0	256.0	4.0
338	0.0176991150442	0.0639138844504	3334828.0	277867.0	205406.0	25074.0	0.0	0.0	0.0	48.0	27.0	22.0	5.0	0.0	0.0	0.0	4.279	0.311865632668	12.0	7.0	102.0	3843175.0	510919.0	8.0	56780.0	1.0
339	0.0740740740741	0.107735899558	2553208.0	954597.0	72705.0	21831.0	0.0	0.0	0.0	17.0	23.0	7.0	11.0	0.0	0.0	0.0	3.819	0.588479982667	12.0	10.0	58.0	3602341.0	825590.0	15.0	4.0	4.0
340	0.127035830619	0.0495919648462	2418739.0	1305618.0	104977.0	215743.0	0.0	0.0	0.0	121.0	88.0	13.0	39.0	0.0	0.0	0.0	9.124	2.74136473627	60.0	33.0	261.0	4045077.0	442824.0	16.0	0.0	1.0
341	0.280701754386	0.148786553678	725307.5	373537.0	11639.5	20872.0	735.0	0.0	0.0	77.5	14.0	2.0	17.5	6.0	0.0	0.0	3.7505	0.936360534196	37.5	23.0	117.0	1132091.0	615055.5	18.5	0.0	2.0
342	0.0454545454545	0.00879937426672	106060.0	373480.0	91836.0	17955.0	0.0	0.0	0.0	7.0	15.0	4.0	4.0	0.0	0.0	0.0	2.318	0.3127378897	16.0	10.0	30.0	589331.0	246685.0	13.0	33.0	1.0
343	0.25	0.357894736842	0.0	29.0	0.0	6989.0	0.0	0.0	0.0	0.0	1.0	0.0	2.0	0.0	0.0	0.0	0.132	0.018864690382	1.0	1.0	3.0	7018.0	0.0	0.0	1.0	1.0
344	0.278776270285	0.310256909465	948173.0	883629.5	25337.0	148302.5	1895.0	0.0	0.0	249.5	73.5	5.0	95.0	4.0	0.0	0.0	13.897	5.30838485176	154.5	88.5	427.0	2007337.0	477932.0	17.5	0.0	4.5
345	0.372165483652	0.365046779527	185134.0	1277732.0	81598.0	93778.5	9117.0	0.0	0.0	328.5	85.0	5.0	130.5	1.0	0.0	1.0	14.088	1.16073295136	214.0	135.5	551.0	1647359.5	442387.5	14.5	18674.5	14.0
346	0.121399176955	0.322682169264	4956119.0	1557653.0	176806.0	159541.0	0.0	0.0	0.0	306.0	69.0	3.0	56.0	0.0	0.0	0.0	13.919	3.54964410666	82.0	46.0	434.0	6850119.0	390860.0	16.0	406691.0	12.0
347	0.175750008581	0.258471610087	1657367.0	1534914.5	183320.0	154078.5	0.0	0.0	0.0	168.5	57.5	3.0	54.0	0.0	0.0	0.0	13.079	3.10268664829	83.0	44.0	283.0	3529680.0	383408.0	13.5	406671.0	13.5
348	0.0285714285714	0.00321341250437	3393353.0	365989.0	234624.0	38551.0	0.0	0.0	0.0	35.0	15.0	5.0	5.0	0.0	0.0	0.0	2.952	0.704489851323	22.0	15.0	60.0	4032517.0	316457.0	11.0	0.0	0.0
349	0.08	0.202725757019	83833.0	105600.0	93121.0	16557.0	10279.0	0.0	0.0	9.0	4.0	5.0	3.0	4.0	0.0	0.0	2.5815	0.97394743698	4.0	3.0	25.0	309390.0	369464.0	4.0	0.0	0.0
350	0.0882352941176	0.00911539258339	107713.0	352574.0	91905.0	19173.0	0.0	0.0	0.0	4.0	13.0	4.0	4.0	0.0	0.0	0.0	1.478	0.34919763409	15.0	9.0	25.0	571365.0	57014.0	3.0	33.0	1.0
351	0.125925925926	0.25931785737	2245541.0	1535311.0	176180.0	190449.0	0.0	0.0	0.0	245.0	58.0	2.0	47.0	0.0	0.0	0.0	12.373	1.67402273654	75.0	39.0	352.0	4147481.0	384693.0	14.0	356718.0	11.0
352	0.0359712230216	0.0184733857668	1715137.5	1343801.0	243568.0	72419.0	0.0	0.0	0.0	59.0	44.0	8.0	13.0	0.0	0.0	0.0	5.83	0.875552959206	29.0	9.0	124.0	3374925.5	429021.5	10.0	0.0	0.0
353	0.187504333957	0.145443567258	732352.5	1053805.5	167371.0	187103.5	6593.5	0.0	0.0	80.5	40.0	14.0	29.0	6.5	0.0	0.0	10.1895	1.50313173075	58.5	33.0	170.0	2147226.0	648552.5	19.0	0.0	0.0
354	0.341379310345	0.276095122043	464709.0	1236650.0	81598.0	78824.0	0.0	0.0	0.0	246.0	80.0	5.0	98.0	0.0	0.0	0.0	13.222	1.00759256424	193.0	131.0	429.0	1861781.0	441382.0	16.0	22268.0	12.0
355	0.027397260274	0.00436521798788	816857.0	292462.0	78451.0	26765.0	0.0	0.0	-1.0	31.0	19.0	5.0	4.0	0.0	0.0	1.0	8.5595	2.0462225525	11.0	7.0	60.0	1214534.0	438811.5	8.0	0.0	0.0
356	0.306435758334	0.36981641084	881831.0	2004502.5	180570.0	184463.0	79240.5	0.0	0.0	571.0	125.5	12.0	210.0	27.0	0.0	0.0	24.4025	3.3770292418	233.5	122.0	945.5	3330607.0	492707.5	44.5	50112.0	21.0
357	0.0591397849462	0.138967851596	1825026.0	460110.0	11256.0	55587.0	0.0	0.0	0.0	105.0	27.0	6.0	36.0	0.0	0.0	0.0	8.491	1.31732183476	27.0	14.0	174.0	2351979.0	369519.0	5.0	0.0	3.0
358	0.122920373318	0.0249623574903	7335716.0	1001852.5	74710.0	50829.0	892.0	0.0	0.0	68.0	50.0	2.0	36.0	2.0	0.0	0.0	6.541	0.2549655614	45.5	26.0	158.0	8463999.5	436763.5	14.0	0.0	3.0
360	0.125630790658	0.24728515345	5308666.0	1558730.5	177818.0	164349.0	0.0	0.0	0.0	265.5	66.5	4.0	54.0	0.0	0.0	0.0	13.887	1.34908533459	83.0	46.0	390.0	7209563.5	390990.0	16.0	406669.0	12.0
361	0.277929155313	0.199036850921	481020.0	1933517.0	246254.0	332500.0	293.0	0.0	0.0	123.0	77.0	9.0	85.0	4.0	0.0	0.0	12.287	1.04157225646	112.0	67.0	298.0	2993584.0	452525.0	16.0	4.0	6.0
362	0.135638297872	0.292749480249	2071680.0	1439540.0	176527.0	146860.0	0.0	0.0	0.0	219.0	53.0	3.0	50.0	0.0	0.0	0.0	14.482	1.38305633996	73.0	40.0	325.0	3834607.0	387407.0	16.0	456630.0	13.0
364	0.283636363636	0.171584794307	1795000.0	676045.0	157920.0	153440.0	0.0	0.0	0.0	91.0	43.0	12.0	50.0	0.0	0.0	0.0	7.008	2.53050671702	105.0	81.0	196.0	2782405.0	537678.0	14.0	28.0	6.0
365	0.0990099009901	0.0736282914104	1233149.5	1535592.0	101838.0	42382.5	0.0	0.0	0.0	79.0	64.5	2.0	24.5	0.0	0.0	0.0	5.4435	1.18260980885	62.0	35.5	170.0	2912962.0	592670.0	25.0	1135.5	6.0
366	0.0363636363636	0.0106090373281	85938.0	640680.0	67881.0	55537.0	0.0	0.0	0.0	22.0	20.0	4.0	3.0	0.0	0.0	0.0	4.607	1.03379385198	14.0	6.0	49.0	850036.0	369519.0	5.0	0.0	0.0
367	0.23683771655	0.26120791633	564407.0	1304118.5	118783.0	158582.5	8647.0	0.0	0.0	120.5	73.5	9.5	62.5	8.0	0.0	0.0	10.1235	8.32279281176	88.5	46.5	274.0	2154538.0	392580.5	12.0	0.0	5.0
368	0.0630630630631	0.0209452201933	654607.0	2464693.0	122317.0	106320.0	3720.0	0.0	0.0	75.0	79.0	10.0	26.0	6.0	0.0	0.0	6.318	1.44303988121	59.0	28.0	196.0	3351657.0	392037.0	11.0	0.0	0.0
369	0.2	0.197916666667	0.0	29.0	0.0	6989.0	0.0	0.0	0.0	0.0	1.0	0.0	2.0	0.0	0.0	0.0	0.159	0.0209325784247	1.0	1.0	3.0	7018.0	0.0	0.0	1.0	1.0
370	0.274262899263	0.0854746439329	844219.5	1088217.0	45438.0	90302.0	182.0	0.0	0.0	128.0	55.0	10.0	56.5	1.0	0.0	0.0	10.666	1.60634779858	84.0	52.0	250.5	2068358.5	376641.0	10.0	0.0	2.0
371	0.245	0.179197908784	721395.0	1237565.0	125391.0	91294.0	0.0	0.0	0.0	128.0	76.0	10.0	65.0	0.0	0.0	0.0	9.048	2.02913184015	97.0	52.0	279.0	2175645.0	476141.0	25.0	15516.0	3.0
372	0.153266331658	0.31667224827	1806974.0	1568620.0	176806.0	159686.0	0.0	0.0	0.0	205.0	70.0	3.0	56.0	0.0	0.0	0.0	13.986	1.2701219539	88.0	47.0	334.0	3712086.0	383851.0	14.0	456684.0	14.0
373	0.0934065934066	0.0663675536404	991540.0	1335695.0	54700.0	53779.0	0.0	0.0	0.0	64.0	67.0	2.0	23.0	0.0	0.0	0.0	5.616	0.845284830365	56.0	32.0	156.0	2435714.0	578051.0	25.0	1136.0	5.0
374	0.00847457627119	0.0130726515502	528820.0	278330.0	3496.0	32751.0	0.0	0.0	0.0	97.0	11.0	2.0	7.0	0.0	0.0	0.0	0.842	0.691743815421	13.0	6.0	117.0	843397.0	55.0	1.0	0.0	0.0
375	0.225903614458	0.149191991617	944502.0	1598168.0	135535.0	118041.0	402.0	0.0	0.0	114.0	73.0	12.0	54.0	1.0	0.0	0.0	10.127	2.496128919	98.0	50.0	254.0	2796648.0	479264.0	24.0	0.0	2.0
376	0.272232142857	0.368218077137	57753.0	303035.0	24634.0	48093.0	0.0	0.0	0.0	84.5	32.0	3.0	49.5	0.0	0.0	0.0	20.4095	2.06120171259	72.0	44.0	169.0	433515.0	371635.5	7.5	24954.0	3.5
377	0.178787878788	0.110459937175	1058591.0	1761919.0	32316.0	101954.0	7632.0	0.0	0.0	113.0	85.0	6.0	53.0	6.0	0.0	0.0	10.506	1.24823277526	97.0	53.0	263.0	2962412.0	558803.0	21.0	200921.0	12.0
378	0.264463792939	0.191036348552	805686.5	612923.0	30990.0	32920.0	0.0	0.0	0.0	79.0	48.5	11.0	47.0	0.0	0.0	0.0	5.946	1.6006135105	66.5	34.5	185.5	1482519.5	371760.5	10.0	0.0	0.5
379	0.0571428571429	0.0262918282119	660043.0	318180.0	75031.0	17391.0	0.0	0.0	0.0	9.0	13.0	5.0	3.0	0.0	0.0	0.0	1.6035	0.415439875313	12.0	7.0	30.0	1070645.0	66679.0	2.0	0.0	0.0
380	0.114982578397	0.0846543636799	1626998.0	1576246.0	175473.0	132564.0	0.0	0.0	0.0	105.0	85.0	17.0	40.0	0.0	0.0	0.0	10.135	3.33063153293	76.0	49.0	247.0	3511281.0	416423.0	18.0	61813.0	5.0
381	0.116757348664	0.110782988761	2696069.5	1614942.0	133440.0	129540.5	0.0	0.0	0.0	142.0	77.5	17.0	30.5	0.0	0.0	0.0	9.2185	7.15561952135	79.0	48.5	267.0	4573992.0	723437.0	18.0	0.0	2.0
382	0.222737819026	0.115559324958	2223110.0	1506297.0	322741.0	175450.0	0.0	0.0	0.0	211.0	80.0	23.0	65.0	0.0	0.0	0.0	12.047	1.05297343828	108.0	61.0	379.0	4227598.0	442780.0	13.0	0.0	4.0
383	0.14606741573	0.288660467701	1709164.0	1707792.0	183320.0	151432.0	0.0	0.0	0.0	188.0	68.0	3.0	53.0	0.0	0.0	0.0	15.319	1.93973381781	78.0	42.0	312.0	3751708.0	384381.0	14.0	456654.0	13.0
384	0.00724637681159	0.00959673302705	5113680.0	822071.0	227065.0	173394.0	0.0	0.0	0.0	42.0	35.0	19.0	17.0	0.0	0.0	0.0	3.677	0.839531483097	22.0	11.0	113.0	6336210.0	69258.0	3.0	0.0	0.0
385	0.00187969924812	0.000840126952517	76763029.0	142688.0	41681.0	83658.0	0.0	0.0	0.0	472.0	28.0	20.0	4.0	0.0	0.0	0.0	9.947	1.29351672048	8.0	4.0	524.0	77031056.0	369531.0	6.0	55432.0	2.0
386	0.151898734177	0.326988571861	5307.0	545889.0	35401.0	50700.0	0.0	0.0	0.0	16.0	24.0	6.0	20.0	0.0	0.0	0.0	6.648	0.737685034331	31.0	15.0	66.0	637297.0	453279.0	6.0	0.0	1.0
387	0.0	0.0	0.0	29.0	0.0	6750.0	0.0	0.0	0.0	0.0	1.0	0.0	1.0	0.0	0.0	0.0	0.146	0.0220577244945	1.0	1.0	2.0	6779.0	0.0	0.0	1.0	1.0
388	0.0323471285748	0.072604321014	2752895.5	1439098.5	94158.0	156726.0	0.0	0.0	0.0	61.0	59.0	22.0	30.0	0.0	0.0	0.0	7.673	0.931960428344	35.0	12.0	172.0	4442878.0	369519.0	5.0	0.0	0.0
389	0.128266033254	0.297289666855	9372800.0	1428086.0	176527.0	157500.0	0.0	0.0	0.0	260.0	60.0	3.0	50.0	0.0	0.0	0.0	13.533	2.92973229721	78.0	44.0	373.0	11134913.0	392371.0	15.0	406724.0	12.0
390	0.0992227979275	0.0963356443727	812523.5	1322515.5	102453.0	97330.5	0.0	0.0	0.0	66.5	63.0	3.0	22.0	0.0	0.0	0.0	5.4415	0.546682869679	59.5	34.0	154.5	2334822.5	592729.0	26.0	818.5	5.0
391	0.0884542243955	0.146051451149	2710803.5	2364688.0	108484.0	248985.0	29229.0	0.0	394572.0	176.5	115.0	16.0	28.5	6.0	0.0	7.0	9.468	1.36969771848	69.5	44.0	349.0	5856761.5	433936.5	28.5	40987.0	7.5
392	0.14880952381	0.101676537798	1673807.0	2175124.0	311267.0	62669.0	182.0	0.0	0.0	108.0	83.0	14.0	49.0	1.0	0.0	0.0	13.251	2.28357627796	87.0	49.0	255.0	4223049.0	681046.0	19.0	113.0	4.0
393	0.187969924812	0.169985612452	2942670.0	1311287.0	383049.0	561579.0	182.0	0.0	0.0	119.0	41.0	14.0	47.0	1.0	0.0	0.0	8.42	6.27261172691	72.0	44.0	222.0	5198767.0	402959.0	8.0	0.0	1.0
394	0.226468727035	0.209294312153	886256.0	1366963.5	93508.0	256160.5	1853.0	0.0	0.0	105.5	82.5	13.0	49.0	3.0	0.0	0.0	9.509	2.7410650047	83.0	48.0	253.0	2604741.0	640115.5	14.0	256.0	3.0
395	0.196601941748	0.148784751124	830246.0	1634556.0	122782.0	84535.0	0.0	0.0	0.0	89.0	80.0	14.0	57.0	0.0	0.0	0.0	10.231	2.28131273125	85.0	47.0	240.0	2672119.0	503827.0	27.0	0.0	2.0
396	0.0482781582953	0.0922152119121	1134473.5	841860.0	116652.0	79752.0	0.0	0.0	0.0	82.0	24.0	4.0	15.0	0.0	0.0	0.0	5.0185	0.519072836893	32.5	15.0	125.0	2172737.5	392941.0	6.0	0.0	0.0
397	0.0987829237701	0.0946815212121	947472.0	1674494.5	101853.0	46223.5	0.0	0.0	0.0	77.5	66.0	2.0	25.0	0.0	0.0	0.0	5.6675	1.52066922439	62.0	36.0	170.5	2770043.0	593089.5	26.0	1135.0	6.0
398	0.21684214513	0.230888850356	235679.0	1132550.5	16177.0	54435.0	11423.5	0.0	1504957.0	127.5	50.0	2.0	36.5	2.0	0.0	2.0	11.0395	2.12305462424	85.0	51.5	220.0	2955222.0	370839.0	6.5	199858.5	12.5
399	0.349809885932	0.284976838795	191866.0	776619.0	81598.0	70123.0	0.0	0.0	0.0	225.0	56.0	5.0	92.0	0.0	0.0	0.0	12.098	2.48092955001	179.0	122.0	378.0	1120206.0	438909.0	12.0	17968.0	11.0
400	0.284090909091	0.176549542208	357336.0	1417417.0	116292.0	84136.0	0.0	0.0	0.0	123.0	67.0	9.0	57.0	0.0	0.0	0.0	8.961	1.11699846922	90.0	49.0	256.0	1975181.0	480410.0	26.0	0.0	3.0
401	0.218043862361	0.212434352327	1861412.5	3560197.5	405912.0	208705.5	17038.0	0.0	0.0	324.5	164.0	37.0	125.5	6.0	0.0	0.0	20.289	3.07259546457	188.0	99.0	657.0	6053265.5	451724.0	22.5	25194.5	21.5
402	0.0128205128205	0.00576723171862	1465253.0	419684.5	42517.0	27498.0	8296.0	0.0	0.0	38.0	18.0	2.0	5.0	3.0	0.0	0.0	6.7675	0.77268140912	19.0	9.0	66.0	1963248.5	699381.0	15.0	0.0	0.0
403	0.288461538462	0.198753361925	370284.0	1022059.0	81598.0	72907.0	0.0	0.0	0.0	170.0	71.0	5.0	74.0	0.0	0.0	0.0	9.908	5.2062241596	149.0	104.0	320.0	1546848.0	440090.0	13.0	16813.0	10.0
404	0.0123456790123	0.00109628005511	476787.0	1667827.0	477982.0	131524.0	0.0	0.0	0.0	50.0	57.0	27.0	12.0	0.0	0.0	0.0	10.074	1.05893909173	34.0	15.0	146.0	2754120.0	619338.0	12.0	0.0	0.0
405	0.128126205354	0.306216482186	5045479.0	1516929.0	176527.0	156693.5	0.0	0.0	0.0	260.5	59.0	3.0	52.5	0.0	0.0	0.0	14.037	2.74894372441	79.0	44.0	375.0	6895628.5	390296.0	15.0	406711.5	12.0
406	0.141509433962	0.265835749629	1098715.0	1469018.0	176806.0	139540.0	0.0	0.0	0.0	154.0	72.0	3.0	45.0	0.0	0.0	0.0	12.247	3.87941387644	71.0	39.0	274.0	2884079.0	384670.0	13.0	406670.0	12.0
407	0.0253205128205	0.0123905993934	330764.0	96669.5	20102.0	10523.5	0.0	0.0	0.0	9.0	15.0	7.0	2.0	0.0	0.0	0.0	1.978	0.324759049143	7.0	4.0	33.0	458059.0	117379.0	7.0	0.0	0.0
408	0.343396122759	0.365081128927	186197.0	1293769.5	81598.0	82319.0	9104.0	0.0	0.0	263.0	85.5	5.0	113.0	1.0	0.0	1.0	13.0385	0.946778397162	198.5	129.0	468.5	1652987.5	442499.0	15.5	18926.0	11.0
409	0.0625	0.0224653537564	538010.0	74355.0	41589.0	4743.0	0.0	0.0	0.0	18.0	2.0	2.0	3.0	0.0	0.0	0.0	1.991	0.491596065239	7.0	5.0	25.0	658697.0	384956.0	7.0	0.0	0.0
410	0.109830038378	0.136685868311	2595500.5	1730283.0	46568.0	192060.5	26963.0	0.0	0.0	151.0	76.0	6.0	26.0	6.0	0.0	0.0	7.976	1.32745898595	66.0	42.5	265.0	4591375.0	434676.0	28.0	40987.0	7.0
411	0.0937668188251	0.0808823475639	909043.0	1596849.5	102432.0	61450.0	0.0	0.0	0.0	89.0	60.0	3.0	28.5	0.0	0.0	0.0	5.9485	1.13399657848	62.0	36.0	180.5	2669774.5	601556.5	26.0	1132.5	4.5
412	0.303448472412	0.155132610215	687342.0	999729.0	85632.0	266685.0	0.0	0.0	0.0	243.5	91.5	4.0	110.0	0.0	0.0	0.0	13.5645	3.62380635137	181.5	121.5	449.0	2039388.0	507501.0	18.5	28.0	7.5
413	0.333907056799	0.282315678839	290543.0	1155446.0	81598.0	95851.0	0.0	0.0	0.0	256.0	80.0	5.0	111.0	0.0	0.0	0.0	12.689	2.79175508318	200.0	132.0	452.0	1623438.0	440988.0	13.0	26654.0	11.0
414	0.013986013986	0.0136513866935	3738101.0	436979.0	20525.0	26014.0	0.0	0.0	0.0	103.0	15.0	9.0	4.0	0.0	0.0	0.0	2.722	0.840684303865	14.0	4.0	131.0	4221619.0	58561.0	5.0	14.0	1.0
415	0.014598540146	0.00164342091037	1964276.0	897744.0	58503.0	145881.0	0.0	0.0	0.0	60.0	22.0	6.0	18.0	0.0	0.0	0.0	8.565	0.853402398825	22.0	7.0	106.0	3066404.0	370191.0	11.0	0.0	0.0
416	0.150306748466	0.237011091652	917845.0	1561068.0	176806.0	137528.0	0.0	0.0	0.0	156.0	66.0	3.0	48.0	0.0	0.0	0.0	16.342	4.60471086745	82.0	43.0	273.0	2793247.0	384264.0	14.0	398887.0	11.0
417	0.0263157894737	0.00279182071984	1665370.0	509737.0	52707.0	52732.0	0.0	0.0	0.0	52.0	42.0	10.0	5.0	0.0	0.0	0.0	6.083	1.09706765156	16.0	7.0	109.0	2280546.0	401359.0	6.0	0.0	0.0
418	0.206114398422	0.185847766061	5194318.0	3195599.0	365269.0	162545.0	16325.0	0.0	0.0	385.0	141.0	31.0	131.0	6.0	0.0	0.0	21.02	4.34531882299	205.0	107.0	694.0	8934056.0	441173.0	21.0	240.0	20.0
419	0.11875	0.27899729228	3349435.0	1713971.0	183928.0	166587.0	0.0	0.0	0.0	295.0	70.0	4.0	57.0	0.0	0.0	0.0	15.218	3.22348500543	87.0	45.0	426.0	5413921.0	392238.0	15.0	456659.0	13.0
420	0.316273720529	0.305780267409	189170.0	1274904.0	81598.0	81521.5	9088.0	0.0	0.0	220.0	82.5	5.0	93.0	1.0	0.0	1.0	14.543	2.62374350881	175.5	104.5	402.5	1636281.5	1093947.5	18.5	17887.5	9.5
421	0.298816568047	0.23453036404	296887.0	805515.0	63404.0	104319.0	0.0	0.0	0.0	83.0	82.0	10.0	61.0	0.0	0.0	0.0	10.679	2.29774672771	97.0	59.0	236.0	1270125.0	481954.0	18.0	0.0	4.0
422	0.168918713037	0.204234664098	4157169.5	2067757.0	204851.0	138141.0	0.0	0.0	0.0	308.5	119.5	17.0	72.5	0.0	0.0	0.0	14.612	3.07164353146	142.0	85.0	517.5	6567918.5	602489.0	28.5	1.0	7.0
423	0.268733850129	0.176994660564	798559.0	1560154.0	117930.0	96223.0	0.0	0.0	0.0	131.0	80.0	10.0	69.0	0.0	0.0	0.0	10.587	3.83043352477	102.0	52.0	290.0	2572866.0	478860.0	27.0	0.0	3.0
424	0.258636039886	0.225328948818	707329.0	1168953.5	115297.0	82576.5	0.0	0.0	0.0	105.0	62.0	10.0	57.5	0.0	0.0	0.0	9.627	1.71470202659	85.0	46.5	234.5	2074156.0	478775.5	24.0	0.0	2.0
425	0.0419600938967	0.0168600293716	970521.0	489854.0	10976.0	41124.0	0.0	0.0	0.0	45.0	12.0	4.0	8.0	0.0	0.0	0.0	5.1725	1.77238743225	13.0	6.0	69.0	1512475.0	1527.0	2.0	0.0	0.0
426	0.122699386503	0.0315443861426	936579.0	532128.0	74710.0	48857.0	892.0	0.0	0.0	61.0	44.0	2.0	32.0	2.0	0.0	0.0	5.756	1.60616817993	36.0	22.0	141.0	1593166.0	414761.0	9.0	0.0	3.0
427	0.0862068965517	0.105381165919	945942.0	1809824.0	102456.0	104211.0	0.0	0.0	0.0	120.0	76.0	3.0	36.0	0.0	0.0	0.0	8.734	5.26650210713	84.0	46.0	235.0	2962433.0	594994.0	26.0	52544.0	6.0
428	0.0330188679245	0.0318372543394	2101115.0	1754729.0	107775.0	189470.0	0.0	0.0	0.0	92.0	57.0	10.0	40.0	0.0	0.0	0.0	14.849	2.6210091827	32.0	11.0	199.0	4153089.0	370322.0	10.0	0.0	0.0
429	0.144278606965	0.0838795434753	4370461.0	1268869.0	125470.0	441654.0	0.0	0.0	0.0	171.0	58.0	2.0	60.0	0.0	0.0	0.0	11.21	2.43091157012	89.0	51.0	291.0	6206454.0	1303261.0	32.0	1.0	3.0
430	0.298434968881	0.302877276005	170243.5	1790464.5	102933.0	252448.5	9404.0	0.0	0.0	210.0	84.5	5.5	90.5	1.0	0.0	0.0	16.261	3.28896774982	173.5	108.5	391.5	2325493.5	444212.5	16.5	28682.5	10.0
431	0.048275862069	0.0852569256633	1042420.0	862902.0	53411.0	135054.0	18318.0	0.0	0.0	66.0	35.0	10.0	25.0	4.0	0.0	0.0	11.523	2.72516640788	29.0	13.0	140.0	2112105.0	476395.0	8.0	0.0	4.0
432	0.266	0.154475566681	2433603.0	2276682.0	293892.0	295670.0	15783.0	0.0	0.0	209.0	103.0	25.0	75.0	2.0	0.0	0.0	16.59	2.22697852662	120.0	72.0	414.0	5315630.0	484690.0	19.0	843.0	5.0
433	0.341636844704	0.268117127797	238667.5	1186830.5	81951.0	91703.0	91.0	0.0	0.0	273.0	87.5	5.5	116.5	0.5	0.0	0.0	14.0675	1.40863594382	198.0	134.0	483.0	1599243.0	440438.0	14.0	15057.0	11.5
