	image_size	javascript_size	css_size	html_size	xml_size	audio_size	video_size	image_number	javascript_number	css_number	html_number	xml_number	audio_number	video_number	load_time	load_time_std	server_number	service_number	total_number	total_size	others_app_size	others_app_number	others_text_size	others_text_number
0	526475.0	341023.0	20797.0	27793.0	0.0	0.0	0.0	54.0	35.0	2.0	18.0	0.0	0.0	0.0	5.878	0.578008351428	23.0	8.0	109.0	916088.0	382713.0	19.0	80911.0	16.0
1	1144018.0	1257695.0	48139.0	77936.0	0.0	0.0	0.0	201.0	89.0	4.0	62.0	0.0	0.0	0.0	12.377	1.90345669448	94.0	52.0	356.0	2527788.0	473862.0	14.0	7114.0	7.0
2	632773.0	1221211.0	176868.0	88649.5	0.0	0.0	0.0	51.5	64.0	8.0	39.0	0.0	0.0	0.0	7.562	1.27878185786	51.5	27.0	162.5	2119501.5	399916.0	34.5	49636.0	11.0
3	990049.5	1309608.0	176854.0	92697.0	0.0	0.0	0.0	59.5	67.0	9.0	38.5	0.0	0.0	0.0	7.913	1.59057076548	55.0	29.0	174.0	2569208.5	400786.0	35.0	49639.0	11.5
4	1293064.0	1672598.0	722.0	176695.5	52786.0	0.0	0.0	181.0	35.0	1.0	46.5	41.0	0.0	0.0	9.0625	0.759976111467	47.0	19.0	304.5	3195865.5	508911.5	19.0	297747.5	8.0
5	5847263.0	1023892.5	171450.0	131211.0	0.0	0.0	0.0	133.0	63.0	12.0	28.5	0.0	0.0	0.0	12.562	1.19088293295	49.5	23.0	236.5	7173816.5	381533.5	13.0	243845.0	5.0
6	1034800.5	1299531.0	70300.0	126144.5	12569.0	0.0	0.0	201.0	51.0	7.0	45.0	4.0	0.0	0.0	10.1285	1.26036458614	57.5	30.0	308.0	2543345.0	616437.5	44.0	248186.0	7.0
7	1545146.0	931492.0	121055.0	123506.0	2295.0	0.0	0.0	128.0	67.0	8.0	41.0	1.0	0.0	0.0	10.4735	0.619632181217	66.0	30.0	245.0	2723494.0	530786.5	29.5	198537.0	6.0
8	2775558.0	1878443.0	979722.0	168220.0	7390.5	0.0	0.0	193.5	100.5	21.5	59.0	6.5	0.0	0.0	15.0235	1.50471473625	96.5	49.0	381.0	5809333.5	408201.5	33.0	63529.0	8.0
9	2430136.0	1611488.0	616816.0	215391.0	13864.0	0.0	0.0	233.0	93.0	20.0	68.0	7.0	0.0	0.0	15.626	0.930905267621	99.0	53.0	421.0	4887695.0	399467.0	36.0	105749.0	9.0
10	906752.0	1320751.5	154958.0	67777.0	15825.0	0.0	0.0	108.0	79.0	7.0	42.0	4.0	0.0	0.0	9.993	1.49358643874	74.5	42.0	240.0	2466063.5	375036.0	13.5	1150.0	5.0
11	195227.0	228181.0	65479.0	22034.5	2342.0	0.0	0.0	20.0	3.0	3.0	3.0	1.0	0.0	0.0	3.618	0.764739700813	8.5	5.0	30.0	513263.5	37658.5	6.5	0.0	0.0
12	1811500.0	1084569.5	31983.0	51788.5	0.0	0.0	0.0	121.5	61.0	3.0	27.0	0.0	0.0	0.0	15.905	1.58602744302	52.0	22.0	212.5	2979841.0	650609.0	9.5	297248.5	7.0
13	2383519.0	1772399.5	37171.0	255161.5	45408.0	0.0	0.0	100.0	69.0	4.0	17.5	2.0	0.0	0.0	11.493	0.711434578862	55.5	33.0	192.5	4493659.0	446947.5	10.0	99145.5	4.0
14	294121.0	1061080.5	271096.0	56931.0	0.0	0.0	0.0	61.0	62.0	4.0	39.5	0.0	0.0	0.0	6.449	0.496672890341	70.5	43.5	166.5	1683228.5	397106.0	19.0	148892.0	12.0
15	1823179.5	1900427.0	953595.0	217616.5	210470.0	0.0	0.0	227.0	96.0	22.0	78.0	8.0	0.0	0.0	16.4385	1.75620483928	109.0	56.5	431.0	5105288.0	420803.0	37.0	105339.5	10.0
16	777213.5	1188614.5	176191.0	86846.0	0.0	0.0	0.0	38.5	62.5	9.0	27.5	0.0	0.0	0.0	7.1855	0.500990059782	44.0	24.0	137.5	2228865.0	393196.5	29.5	0.0	4.0
17	3003314.0	1895060.0	956004.0	458912.0	17534.0	0.0	0.0	266.0	104.0	24.0	73.0	11.0	0.0	0.0	16.16	0.552765661509	110.0	59.0	478.0	6330824.0	409289.0	31.0	605716.0	9.0
18	1365173.0	958646.0	606169.0	130963.5	8877.0	0.0	0.0	72.5	46.5	10.0	20.0	3.0	0.0	0.0	8.425	1.93888661092	42.0	19.5	152.0	3069828.5	369523.0	7.0	158765.0	5.0
19	2102010.5	1163093.5	733408.0	72674.0	37225.0	0.0	0.0	117.0	69.0	19.0	26.5	5.0	0.0	0.0	8.121	2.51514453064	58.0	29.5	236.5	4108411.0	567226.5	17.5	49564.0	1.0
20	299722.0	1145111.0	176324.0	85935.5	0.0	0.0	0.0	32.5	58.0	9.0	28.5	0.0	0.0	0.0	7.378	1.83351024268	42.5	22.5	128.0	1707092.5	387907.0	18.5	74458.0	5.5
21	636720.0	1171174.5	176190.0	87140.5	0.0	0.0	0.0	33.5	61.0	9.0	26.0	0.0	0.0	0.0	6.1785	0.68525458043	42.0	23.0	129.5	2071225.0	395173.5	30.0	0.0	4.0
22	2545733.5	1704815.5	68507.0	66020.5	10318.0	0.0	0.0	113.0	54.0	6.0	24.0	1.0	0.0	0.0	4.532	1.13304236902	49.0	24.0	198.0	4395394.5	370912.0	6.5	0.0	0.0
23	936782.5	1312192.5	261648.0	174962.5	0.0	0.0	0.0	65.5	69.0	14.5	29.0	0.0	0.0	0.0	13.364	1.55223742063	53.0	25.5	178.0	2685585.5	382189.0	17.0	0.0	1.0
24	4003327.0	1613809.0	35033.0	341606.0	182.0	0.0	0.0	167.0	59.0	4.0	42.0	1.0	0.0	0.0	22.795	1.91568423775	53.0	20.0	273.0	5993957.0	740991.0	32.0	447024.0	9.0
25	896198.5	1174273.5	25182.0	254637.0	0.0	0.0	0.0	64.0	50.5	5.0	15.5	0.0	0.0	0.0	7.22	6.44955816239	54.0	24.5	135.0	2350291.0	449154.0	9.0	99299.0	2.0
26	650915.0	408846.5	101890.0	31250.0	0.0	0.0	22387356.0	122.0	22.0	3.0	6.0	0.0	0.0	1.0	5.2135	0.864358004533	28.5	10.5	154.0	23580257.5	369517.0	6.0	270.0	3.0
27	342856.0	893993.5	43868.0	811985.5	2167.0	0.0	0.0	35.0	46.5	14.0	30.0	3.0	0.0	0.0	9.122	1.52666664338	26.5	12.0	128.5	2094870.0	436702.0	7.0	0.0	0.0
28	850297.0	492531.5	19688.0	57932.5	0.0	0.0	0.0	133.5	68.0	8.0	19.0	0.0	0.0	0.0	7.667	0.821009403113	27.5	13.0	228.5	1420449.0	412319.5	8.0	123923.0	2.5
29	2236684.5	1402951.0	822461.0	177126.0	7331.0	0.0	0.0	232.0	91.5	17.0	75.0	2.0	0.0	0.0	15.481	1.67010393689	89.0	43.5	417.5	4646553.5	377365.5	19.5	0.0	6.0
30	12578.0	238815.0	69278.0	31657.0	0.0	0.0	0.0	4.0	2.0	3.0	1.0	0.0	0.0	0.0	1.111	0.471582665076	3.0	3.0	10.0	352328.0	18647.5	2.5	0.0	0.0
31	1774364.0	1422062.5	824925.0	181849.5	15852.0	0.0	0.0	226.5	92.0	17.0	77.0	3.0	0.0	0.0	15.083	1.07799605287	95.0	52.0	415.5	4219053.0	377294.5	18.5	0.0	5.5
