	image_size	javascript_size	css_size	html_size	xml_size	audio_size	video_size	image_number	javascript_number	css_number	html_number	xml_number	audio_number	video_number	load_time	load_time_std	server_number	service_number	total_number	total_size
0	142324.0	225020.0	12436.0	89386.5	10333.0	0.0	0.0	11.0	22.0	4.0	9.0	1.0	0.0	0.0	4.1479999999999997	0.51972438849836566	15.0	11.0	47.0	479499.5
1	926883.0	475446.0	0.0	140994.5	0.0	0.0	0.0	106.5	30.5	0.0	13.0	0.0	0.0	0.0	7.0975000000000001	1.7466707646262358	32.0	18.5	150.0	1543323.5
2	235961.0	542777.0	126338.5	265392.0	0.0	0.0	0.0	37.0	41.0	5.5	18.0	0.0	0.0	0.0	6.8025000000000002	1.155549085932744	23.5	11.0	101.5	1170468.5
3	248752.5	172859.0	54255.0	19541.0	0.0	0.0	0.0	8.0	5.0	3.0	2.0	0.0	0.0	0.0	4.165	0.88848986488310577	6.0	4.0	18.0	495407.5
4	3504117.5	1070471.0	163915.5	167402.0	4963.0	0.0	0.0	102.0	103.5	7.5	78.5	3.0	0.0	0.0	17.271000000000001	1.9633001513714092	70.5	35.5	294.5	4910869.0
5	326626.0	399834.5	106803.0	55388.5	24265.0	0.0	0.0	28.0	38.0	3.0	8.0	1.0	0.0	0.0	4.9005000000000001	0.37883510924939356	23.0	12.0	78.0	912917.0
6	8271253.0	328099.0	41932.0	93802.0	0.0	0.0	0.0	139.0	36.0	6.0	13.0	0.0	0.0	0.0	9.7959999999999994	1.0082231895765941	27.0	16.0	194.0	8735086.0
7	384771.0	444269.0	7431.0	104792.0	0.0	0.0	0.0	39.0	38.5	2.0	33.5	0.0	0.0	0.0	8.1155000000000008	0.85680450512354323	40.0	18.0	113.0	941263.0
8	693030.0	584333.0	0.0	135721.0	0.0	0.0	0.0	71.0	47.0	0.0	26.0	0.0	0.0	0.0	8.9270000000000014	0.70667185532686339	52.0	29.0	144.0	1413084.0
9	538742.5	308427.0	94485.0	84221.5	0.0	0.0	0.0	38.5	15.0	1.0	27.0	0.0	0.0	0.0	4.8945000000000007	0.95506639036247098	24.0	15.0	81.5	1025876.0
10	923692.0	948102.0	329976.0	116345.0	23787.0	0.0	0.0	55.0	36.0	23.0	6.0	11.0	0.0	0.0	9.5874999999999986	1.2111469151180627	22.0	13.0	131.0	2341902.0
11	1596896.0	1410934.0	18570.0	473676.0	0.0	0.0	0.0	147.0	49.0	6.0	51.0	0.0	0.0	0.0	12.301	1.3105601667292059	70.0	34.0	253.0	3500076.0
12	1892106.0	557020.0	512678.0	78414.5	1786.0	0.0	0.0	68.0	69.0	25.0	14.0	1.0	0.0	0.0	8.1639999999999997	0.69274768855623015	25.0	12.0	177.0	3042004.5
13	801320.0	1003094.5	62903.0	119085.5	0.0	0.0	0.0	86.0	43.5	4.0	30.5	0.0	0.0	0.0	12.891999999999999	0.48621908642092604	41.5	17.5	164.0	1986403.0
14	3130100.0	299261.0	32638.0	69550.0	0.0	0.0	0.0	76.0	16.0	3.0	7.0	0.0	0.0	0.0	6.9329999999999998	0.12535017617325744	13.0	9.0	102.0	3531549.0
15	333457.0	685549.0	44894.0	101180.0	182.0	0.0	0.0	22.0	15.5	2.0	22.5	1.0	0.0	0.0	7.6390000000000011	1.5138026291429141	15.5	5.0	63.0	1165262.0
16	632115.0	740637.0	15504.0	188203.0	0.0	0.0	0.0	85.0	57.0	4.0	34.0	0.0	0.0	0.0	12.983000000000001	2.5928027925369976	51.0	22.0	180.0	1576459.0
17	1261192.0	1079459.0	56332.0	105540.0	3860.0	0.0	0.0	85.0	64.0	7.0	18.0	2.0	0.0	0.0	9.395999999999999	2.3412804558274312	40.0	23.0	176.0	2506383.0
18	1902088.0	220331.0	33564.0	58081.0	1135.0	0.0	0.0	96.0	4.0	2.0	4.0	1.0	0.0	0.0	4.9220000000000006	1.1343762206605001	16.0	7.0	107.0	2215199.0
19	1317358.0	942272.0	106160.0	84842.5	0.0	0.0	0.0	72.0	51.0	17.0	15.0	0.0	0.0	0.0	8.1385000000000005	1.3671947520379093	31.0	15.0	155.0	2450632.5
20	655900.5	197606.0	40873.0	226931.0	0.0	0.0	0.0	132.0	9.0	7.0	6.5	0.0	0.0	0.0	9.4384999999999994	2.3898315546027509	14.5	10.5	154.5	1121310.5
21	1530121.0	580123.0	56702.0	63919.0	27878.0	0.0	0.0	147.0	31.0	6.0	11.0	6.0	0.0	0.0	9.7330000000000005	1.0856842298355356	40.0	19.0	201.0	2258743.0
22	474554.5	574592.5	68724.0	83350.0	0.0	0.0	0.0	87.5	55.5	8.0	28.0	0.0	0.0	0.0	10.402000000000001	2.2118866177993848	63.0	33.0	179.0	1201221.0
23	2512130.0	631012.5	178516.0	89799.5	43184.0	0.0	0.0	108.0	66.5	14.0	20.5	14.0	0.0	0.0	10.565000000000001	1.0401821955792165	59.0	30.0	223.0	3454642.0
24	3092051.0	675818.5	29235.0	115698.0	17434.0	0.0	0.0	186.5	36.0	2.0	10.0	10.0	0.0	0.0	8.0050000000000008	2.7043097288171341	43.0	25.0	244.5	3930236.5
25	807134.5	1002692.0	16801.0	111647.5	9819.0	0.0	0.0	42.0	65.0	5.0	13.5	2.0	0.0	0.0	16.84	1.8563985125775122	57.5	30.5	127.5	1948094.0
26	6586898.0	1101978.0	95081.0	102803.0	182.0	0.0	0.0	102.0	48.0	14.0	19.0	1.0	0.0	0.0	10.371	1.0464703637572452	29.0	10.0	184.0	7886942.0
27	539073.0	1042099.0	85368.0	236212.0	28702.0	0.0	0.0	63.0	45.0	5.0	29.0	12.0	0.0	0.0	10.553000000000001	2.1071225772497328	48.0	24.0	154.0	1931454.0
28	2029549.5	1819749.5	113701.0	295851.0	7229.0	0.0	0.0	162.0	96.5	24.0	51.0	6.5	0.0	0.0	13.714	1.647966810952211	42.0	20.0	340.0	4266080.0
29	2854817.0	176473.5	90215.0	29504.0	0.0	0.0	0.0	123.5	19.0	9.0	5.0	0.0	0.0	0.0	3.6234999999999999	0.95338790111895189	10.5	7.5	156.5	3151009.5
30	1542547.5	926349.5	80179.0	130269.0	9121.0	0.0	0.0	141.5	48.5	7.0	22.5	2.0	0.0	0.0	8.8925000000000001	1.4946909914761648	45.0	22.0	221.5	2688466.0
31	250468.0	163127.0	44331.0	177513.5	0.0	0.0	0.0	5.0	4.0	1.0	3.5	0.0	0.0	0.0	4.8134999999999994	0.49700085513004921	9.0	5.0	13.5	635439.5
32	2204934.0	1121794.5	115939.0	141318.5	8186.0	0.0	0.0	204.5	99.5	6.5	65.0	9.5	0.0	0.0	17.359500000000001	3.4456006791269354	66.0	32.0	385.0	3592172.0
33	1269582.0	872765.5	52813.0	67150.5	0.0	0.0	0.0	195.5	57.5	4.0	20.5	0.0	0.0	0.0	10.605	5.4318199758460342	53.5	30.0	277.5	2262311.0
34	479823.0	339641.5	45392.5	103078.5	0.0	0.0	0.0	34.0	33.0	5.0	26.0	0.0	0.0	0.0	12.3355	1.4801621161210683	29.0	18.0	98.0	967935.5
35	2472306.0	635882.5	55638.0	52612.0	57633.0	0.0	0.0	69.0	16.0	2.0	1.0	1.0	0.0	0.0	4.7379999999999995	1.2019517294800157	18.0	14.0	89.0	3274071.5
36	687554.5	1012633.0	54007.0	334071.0	182.0	0.0	0.0	60.0	62.5	2.0	54.0	1.0	0.0	0.0	14.637	2.0852837432829139	52.5	21.0	179.5	2088447.5
37	4924527.0	547606.5	89540.0	225671.5	0.0	0.0	0.0	648.5	54.5	4.0	18.0	0.0	0.0	0.0	13.0685	2.2104946867160744	49.0	23.0	725.0	5787345.0
38	1303705.5	1133835.0	64572.0	155943.5	0.0	0.0	0.0	134.5	86.0	13.0	28.0	0.0	0.0	0.0	13.564499999999999	1.6359803970020548	65.5	35.5	261.5	2658056.0
39	1343931.0	610822.5	156797.0	105231.5	53198.0	0.0	0.0	80.0	75.0	11.0	12.0	5.0	0.0	0.0	10.493500000000001	2.759088235269036	41.5	24.0	183.0	2269980.0
40	849556.0	852625.0	104614.0	133016.0	13853.5	0.0	0.0	84.0	39.5	8.0	29.0	4.5	0.0	0.0	8.3505000000000003	1.197435359424466	41.0	22.5	165.0	1953664.5
41	1150.0	0.0	0.0	493511.0	0.0	0.0	0.0	1.0	0.0	0.0	3.0	0.0	0.0	0.0	0.39800000000000002	0.038233493170255844	2.5	1.5	4.0	494661.0
42	2062041.0	923697.0	110027.0	97331.0	0.0	0.0	0.0	74.0	47.0	12.0	16.0	0.0	0.0	0.0	8.1120000000000001	2.1568863417802113	33.0	19.0	149.0	3193096.0
43	24038.0	0.0	0.0	34639.0	0.0	0.0	0.0	1.0	0.0	0.0	2.0	0.0	0.0	0.0	0.34100000000000003	0.47423327593073855	3.0	2.0	3.0	58677.0
45	443859.5	279060.0	163427.0	37987.0	1150.0	0.0	0.0	30.0	15.0	5.5	7.0	0.5	0.0	0.0	6.2349999999999994	6.6712440181723229	16.0	8.5	58.0	925483.5
46	1834555.0	512545.0	113536.0	49987.5	0.0	0.0	0.0	123.0	22.0	4.0	7.0	0.0	0.0	0.0	5.9339999999999993	0.9915366306899609	22.5	14.5	156.0	2510623.5
48	796832.0	795789.0	93144.0	108771.0	0.0	0.0	0.0	187.0	84.0	6.0	83.0	0.0	0.0	0.0	12.725	1.0948720879120486	116.0	70.0	360.0	1794536.0
49	359624.0	515112.0	299595.0	89357.0	0.0	0.0	0.0	37.0	35.0	2.0	15.0	0.0	0.0	0.0	12.052	2.358204328365332	33.0	22.0	89.0	1263688.0
50	335003.0	378837.0	60938.0	67618.0	0.0	0.0	0.0	81.0	27.0	3.0	15.0	0.0	0.0	0.0	9.9190000000000005	2.4638092959710942	32.0	20.0	126.0	842396.0
51	180514.5	684737.5	156382.0	69463.5	0.0	0.0	0.0	34.0	34.0	2.0	10.0	0.0	0.0	0.0	6.4800000000000004	2.3724118129026417	38.0	19.0	80.0	1091097.5
52	554293.0	603919.0	53733.0	117082.5	30239.0	0.0	0.0	81.5	69.5	4.0	44.0	24.0	0.0	0.0	11.269500000000001	4.3825482552962267	58.5	31.0	223.0	1359266.5
53	698549.5	1374909.0	70923.0	99729.0	1628.0	0.0	0.0	39.0	26.0	9.0	8.0	1.0	0.0	0.0	6.6639999999999997	5.3283676571723158	21.0	9.0	83.0	2245738.5
54	9372271.0	853712.0	58943.0	122218.0	4764.0	0.0	0.0	111.0	62.0	7.0	23.0	2.0	0.0	0.0	11.375	6.0985358534287197	49.0	25.0	205.0	10411908.0
55	2472280.0	635897.0	55638.0	52609.0	57633.0	0.0	0.0	69.0	16.0	2.0	1.0	1.0	0.0	0.0	4.5679999999999996	0.85837612982125377	18.0	14.0	89.0	3274057.0
56	1028176.0	533727.0	372167.0	99084.0	1523.0	0.0	0.0	49.0	40.0	2.0	20.0	1.0	0.0	0.0	9.8740000000000006	1.4291257622912139	42.0	26.0	112.0	2034677.0
57	2141271.0	456992.0	38042.0	28271.0	0.0	0.0	0.0	85.0	20.0	3.0	10.0	0.0	0.0	0.0	3.976	0.49302896015909198	20.0	14.0	118.0	2664576.0
58	179276.0	383184.0	29048.0	58994.0	1538.0	0.0	0.0	49.0	46.0	6.0	25.0	1.0	0.0	0.0	7.6429999999999998	1.3544922536899657	42.0	20.0	127.0	652040.0
59	1319593.0	354144.0	126685.0	363518.0	10247.0	0.0	0.0	130.0	19.0	6.0	15.0	6.0	0.0	0.0	8.9810000000000016	2.4058289298090529	31.0	21.0	176.0	2174187.0
60	776136.0	568483.0	62942.0	51496.0	436.0	0.0	0.0	45.0	25.0	5.0	22.0	2.0	0.0	0.0	10.760999999999999	2.0959952290022037	23.0	10.0	99.0	1459493.0
61	185152.0	109608.0	43006.0	14966.0	0.0	0.0	0.0	22.0	15.0	2.0	1.0	0.0	0.0	0.0	6.7080000000000002	1.9721974646333396	16.0	12.0	40.0	352732.0
62	9283751.0	1129710.0	214038.0	177605.0	0.0	0.0	0.0	104.0	23.0	9.0	10.0	0.0	0.0	0.0	10.073	1.5777774804381568	23.0	8.0	146.0	10805104.0
63	1598352.0	737284.0	119562.0	40452.0	0.0	0.0	0.0	63.0	20.0	12.0	8.0	0.0	0.0	0.0	9.4459999999999997	1.3338880882963029	23.0	6.0	103.0	2495650.0
64	1285399.0	476372.0	65099.0	86754.0	0.0	0.0	0.0	18.0	19.0	5.0	2.0	0.0	0.0	0.0	5.2809999999999997	4.356230939700052	10.0	7.0	44.0	1913624.0
65	1497189.0	679722.0	42307.0	34726.0	0.0	0.0	0.0	84.0	20.0	4.0	4.0	0.0	0.0	0.0	4.1819999999999995	1.2472093293072786	16.0	12.0	112.0	2253944.0
66	94986.0	256764.0	12818.0	30350.0	0.0	0.0	0.0	57.0	15.0	3.0	24.0	0.0	0.0	0.0	6.2479999999999993	3.9091455193377009	51.0	32.0	99.0	394918.0
67	1016337.0	172453.0	29173.0	136727.0	7840.5	0.0	0.0	98.0	26.0	10.0	19.0	2.5	0.0	0.0	7.1555	3.393510900877585	27.0	19.0	155.5	1362530.5
68	690399.0	1424473.0	245390.0	110292.0	209376.0	0.0	0.0	123.0	75.0	16.0	24.0	100.0	0.0	0.0	14.558999999999999	0.73308222973657999	29.0	8.0	338.0	2679930.0
69	3062368.0	238683.0	250145.0	16930.0	42965.0	0.0	0.0	36.0	8.0	1.0	3.0	1.0	0.0	0.0	4.6069999999999993	1.1104862576344932	13.0	7.0	49.0	3611091.0
70	1729285.0	236404.0	135147.0	29847.0	0.0	0.0	0.0	51.0	18.0	8.0	3.0	0.0	0.0	0.0	7.2910000000000004	2.9548078628182979	11.0	7.0	80.0	2130683.0
