	red_number_frac_x	red_time_frac_x	red_number_frac_y	red_time_frac_y	image_size	javascript_size	css_size	html_size	xml_size	audio_size	video_size	image_number	javascript_number	css_number	html_number	xml_number	audio_number	video_number	load_time	load_time_std	server_number	service_number	total_number	total_size	others_app_size	others_app_number	others_text_size	others_text_number
0	0.0358022071307	0.0148242019588	0.0358022071307	0.0148242019588	3022902.0	369495.0	26203.0	55210.5	27420.0	0.0	0.0	93.0	29.0	2.0	10.0	9.0	0.0	0.0	6.2815	2.58374767344	18.0	9.0	143.0	3501230.5	524685.0	10.0	18461.0	2.0
1	0.108026874116	0.12966480767	0.108026874116	0.12966480767	672467.5	775690.5	297501.0	77268.0	0.0	0.0	0.0	45.5	26.0	7.0	17.0	0.0	0.0	0.0	7.9615	0.971762707661	23.0	12.0	95.5	1822927.0	670748.0	7.0	0.0	2.0
2	0.0824175824176	0.0773628618405	0.0824175824176	0.0773628618405	941093.0	795915.0	37153.0	68581.0	0.0	0.0	0.0	68.0	42.0	9.0	21.0	0.0	0.0	0.0	10.236	4.00966406031	34.0	15.0	140.0	1842742.0	375260.0	11.0	4932.0	2.0
3	0.0263157894737	0.0696790713554	0.0263157894737	0.0696790713554	473151.0	61845.0	9236.0	41010.5	0.0	0.0	0.0	47.0	9.0	2.0	9.0	0.0	0.0	0.0	3.6285	0.503397854584	14.0	4.5	67.0	585242.5	213907.5	4.0	0.0	0.0
4	0.112282084113	0.140618281453	0.112282084113	0.140618281453	644918.5	648523.5	26699.0	472859.0	0.0	0.0	0.0	53.5	32.5	2.0	27.5	0.0	0.0	0.0	11.809	1.0347919646	35.5	14.5	115.5	1793000.0	584252.0	6.0	0.0	0.0
5	0.15498239487	0.364559687414	0.15498239487	0.364559687414	1207833.5	1151775.5	115185.0	148634.0	0.0	0.0	0.0	164.0	60.0	3.0	43.0	0.0	0.0	0.0	13.249	1.9521109113	55.0	34.5	270.0	2623428.0	493999.0	48.0	0.0	0.0
6	0.0633762517883	0.0680594008094	0.0633762517883	0.0680594008094	2671892.0	336332.5	51611.0	145433.0	3436.0	0.0	0.0	139.5	28.0	5.0	17.0	1.0	0.0	0.0	8.2625	1.12858052881	46.5	23.0	190.5	3208704.5	465565.0	8.0	0.0	0.0
7	0.103734439834	0.139225501728	0.103734439834	0.139225501728	1201981.0	1582885.0	96831.0	382264.0	3065.0	0.0	-2.0	95.0	38.0	17.0	31.0	10.0	0.0	2.0	12.893	4.50147126566	59.0	30.0	193.0	3267024.0	1112471.0	7.0	1041.0	3.0
8	0.416666666667	0.153943661972	0.416666666667	0.153943661972	0.0	0.0	0.0	71042.5	0.0	0.0	0.0	0.0	0.0	0.0	1.5	0.0	0.0	0.0	0.3485	0.106148763535	2.0	1.0	1.5	71042.5	0.0	0.0	0.0	0.0
9	0.0956636055329	0.0821642479363	0.0956636055329	0.0821642479363	543705.5	491684.5	93780.0	123221.0	182.0	0.0	0.0	66.0	44.0	3.0	25.0	1.0	0.0	0.0	9.7945	1.4865368613	41.0	20.0	139.0	1252573.0	1053385.0	12.0	0.0	0.5
10	0.128320117856	0.233549680251	0.128320117856	0.233549680251	631771.0	420856.0	88364.0	81623.0	0.0	0.0	0.0	64.5	29.5	4.0	26.0	0.0	0.0	0.0	8.7835	1.13489818486	36.5	18.0	124.0	1222614.0	369464.0	4.0	0.0	1.0
11	0.0458746644883	0.109674629028	0.0458746644883	0.109674629028	3380406.0	754306.0	68873.5	130788.0	182.0	0.0	0.0	126.0	23.0	12.0	25.5	1.0	0.0	0.0	7.6515	2.21559645243	21.0	9.5	187.5	4334555.5	1010636.0	6.0	0.0	2.0
12	0.0424481948302	0.0405918094237	0.0424481948302	0.0405918094237	492758.5	803926.5	114929.0	236488.0	182.0	0.0	0.0	41.0	52.0	18.0	21.0	1.0	0.0	0.0	8.596	1.68210005945	28.5	14.5	133.0	1648284.0	443499.0	8.0	0.0	1.5
13	0.108187134503	0.108148391435	0.108187134503	0.108148391435	154960.0	30726.0	0.0	11352.0	0.0	0.0	0.0	4.0	3.0	0.0	3.0	0.0	0.0	0.0	3.423	0.369628259201	11.5	7.0	10.0	197038.0	369756.0	5.0	58.0	1.0
14	0.140096618357	0.168342668024	0.140096618357	0.168342668024	957921.0	935923.0	63817.0	140065.0	6465.0	0.0	0.0	82.0	46.0	6.0	26.0	1.0	0.0	0.0	9.354	2.29529799566	42.0	20.0	161.0	2104191.0	369464.0	4.0	58.0	1.0
15	0.0375359401955	0.0390220915148	0.0375359401955	0.0390220915148	1920354.5	510193.5	82524.0	57754.0	182.0	0.0	0.0	83.0	39.0	11.0	19.0	1.0	0.0	0.0	10.6575	2.25484056199	33.0	15.5	153.0	2571008.0	434002.0	7.0	58.0	1.0
16	0.0632183908046	0.137436567738	0.0632183908046	0.137436567738	900679.0	807646.0	62790.0	52665.0	0.0	0.0	0.0	110.0	29.0	4.0	23.0	0.0	0.0	0.0	8.751	2.93344289358	31.0	14.0	166.0	1823780.0	371236.0	11.0	71896.0	1.0
17	0.198529411765	0.299935773924	0.198529411765	0.299935773924	292637.0	987202.0	37873.0	59694.0	0.0	0.0	0.0	37.0	34.0	3.0	40.0	0.0	0.0	0.0	10.207	1.20666044607	43.0	22.0	114.0	1377406.0	369464.0	4.0	58.0	1.0
18	0.086190123228	0.137464970508	0.086190123228	0.137464970508	1104605.5	479881.5	809193.0	95040.0	0.0	0.0	0.0	80.5	29.0	5.0	28.5	0.0	0.0	0.0	9.8245	1.80500698337	41.5	21.0	143.0	2488720.0	538244.0	10.0	20.0	1.0
19	0.0573770491803	0.056657139009	0.0573770491803	0.056657139009	940306.0	1500543.0	101918.0	217192.0	182.0	0.0	0.0	154.0	53.0	21.0	19.0	1.0	0.0	0.0	15.508	6.62992169745	29.0	12.0	248.0	2760141.0	369464.0	5.0	0.0	0.0
20	0.10643115942	0.164137552713	0.10643115942	0.164137552713	1295594.0	693832.0	37528.0	80793.0	0.0	0.0	0.0	86.0	51.0	8.0	21.0	0.0	0.0	0.0	9.4165	1.86293412659	26.5	15.0	166.0	2107747.0	369464.0	4.0	58.0	1.0
21	0.0303689064559	0.0570619253724	0.0303689064559	0.0570619253724	1145783.5	992294.5	48051.0	44871.5	0.0	0.0	0.0	141.0	39.0	7.0	23.0	0.0	0.0	0.0	6.2745	1.96084703381	46.0	22.0	210.0	2231000.5	376721.5	13.0	0.0	0.0
22	0.0363636363636	0.0872751186059	0.0363636363636	0.0872751186059	1691938.0	214346.0	0.0	157731.0	0.0	0.0	0.0	68.0	18.0	0.0	13.0	0.0	0.0	0.0	5.925	1.23561043044	21.0	9.0	99.0	2064015.0	369838.0	7.0	106724.0	2.0
23	0.0377358490566	0.0277593676805	0.0377358490566	0.0277593676805	866926.0	485026.0	31648.0	8015.0	0.0	0.0	0.0	57.0	20.0	3.0	8.5	0.0	0.0	0.0	9.391	1.8565349687	24.0	8.0	88.5	1391615.0	688120.5	13.0	0.0	0.0
24	0.0301204819277	0.0787776143545	0.0301204819277	0.0787776143545	691038.0	225968.0	21819.0	85219.5	388.0	0.0	0.0	116.0	23.0	3.0	7.0	1.0	0.0	0.0	6.719	1.63899328858	30.0	13.0	150.0	1024432.5	402952.0	5.0	5386.0	2.0
25	0.075	0.117316227337	0.075	0.117316227337	2025108.0	606913.0	61992.0	57835.0	182.0	0.0	0.0	71.0	55.0	13.0	38.0	1.0	0.0	0.0	9.772	2.02089320186	40.0	17.0	178.0	2752030.0	421580.0	5.0	58.0	1.0
26	0.105527638191	0.125321134455	0.105527638191	0.125321134455	509860.0	873229.0	27374.5	248132.5	182.0	0.0	0.0	80.5	43.5	3.0	39.5	1.0	0.0	0.0	11.5335	1.83738688359	46.0	17.0	167.5	1658778.0	753279.0	7.0	0.0	0.0
27	0.0313852093457	0.0370568811587	0.0313852093457	0.0370568811587	1189940.0	1300182.5	76931.0	174702.0	0.0	0.0	0.0	109.0	55.0	6.0	35.0	0.0	0.0	0.0	14.641	2.25895964255	45.0	24.0	205.0	2741755.5	575988.0	129.0	126.0	1.5
28	0.0606477658501	0.0513400747581	0.0606477658501	0.0513400747581	918907.5	1336582.0	50791.0	277206.5	0.0	0.0	0.0	88.5	33.0	4.0	17.5	0.0	0.0	0.0	9.43	2.57763337191	32.5	18.0	143.0	2583487.0	375198.0	11.0	66135.0	1.0
29	0.0629921259843	0.0519995850407	0.0629921259843	0.0519995850407	1085409.0	788133.0	30432.0	36986.0	182.0	0.0	0.0	65.0	35.0	4.0	16.0	1.0	0.0	0.0	7.888	1.99582625608	29.0	12.0	121.0	1941142.0	391764.0	6.0	49646.0	1.0
30	0.260553376772	0.288247966443	0.260553376772	0.288247966443	2222155.5	1823681.5	127467.0	226669.5	182.0	0.0	0.0	162.0	103.0	16.5	126.0	1.0	0.0	0.0	23.669	1.97560451192	131.5	75.5	408.5	4400155.5	454728.0	13.0	5951.0	5.0
31	0.0613496932515	0.0368138434865	0.0613496932515	0.0368138434865	7573656.0	1341471.0	90598.0	222120.0	42469.0	0.0	0.0	169.0	82.0	14.0	30.0	2.0	0.0	0.0	13.715	2.35982470054	44.0	19.0	297.0	9270314.0	375016.0	6.0	18048.0	3.0
32	0.0311529503106	0.058393647741	0.0311529503106	0.058393647741	1765271.5	408483.5	59099.0	56356.5	0.0	0.0	0.0	99.5	28.0	10.0	10.0	0.0	0.0	0.0	8.07	2.54496236514	26.0	10.0	147.5	2289210.5	369464.0	4.0	0.0	0.0
33	0.09375	0.0459536882311	0.09375	0.0459536882311	208234.0	139645.0	256082.0	5472.0	0.0	0.0	0.0	7.0	6.0	7.0	4.0	0.0	0.0	0.0	7.997	1.41454233754	9.0	6.0	24.0	609433.0	424684.0	5.0	0.0	0.0
34	0.0124228395062	0.0144380319495	0.0124228395062	0.0144380319495	2046667.5	351071.0	73994.0	100992.5	182.0	0.0	0.0	45.0	17.0	7.0	7.0	1.0	0.0	0.0	3.7	5.78586452399	9.5	4.0	77.0	2572907.0	213884.0	4.0	66624.0	1.0
