0.423236779852,0.678842800199,0.868904613355
0.977167997866,0.948235007529,0.838925223904
0.95454346654,0.965811965812,0.957945822618
0.339037215296,0.467455621302,0.853213701258
0.354119058689,0.537878787879,0.868028761838
0.558566465584,0.460526315789,0.765551708257
0.968411696271,0.92700729927,0.969238114726
0.771468641002,0.802919708029,0.917817899968
0.796410221256,0.64,0.731302319199
0.869238788253,0.851674641148,0.910242526148
0.965300105774,0.835893120135,0.828475154078
0.976881237309,0.98081258915,0.963937894865
0.955151390755,0.873333333333,0.901654411765
0.852755074663,0.855421686747,0.88293370945
0.99177080543,0.979051383399,0.971177688157
0.919841155563,0.925117135207,0.99681670186
0.679556300405,0.828025477707,0.902896081772
0.992307159338,0.995580961472,0.999170515501
0.969084175979,0.991111111111,0.998267642132
0.891787487484,0.888157894737,0.812773240947
0.66912799197,0.701939788951,0.976093768109
0.963983247194,0.981617647059,0.99596568277
0.634011682147,0.770833333333,0.819379292732
1.0,1.0,1.0
0.464512882939,0.717948717949,0.954044205782
0.812501569849,0.845238095238,0.863357617795
0.877367614871,0.98773006135,0.972792727031
0.959102414533,0.962264150943,0.978618611658
0.411263952657,0.607142857143,0.855837441385
0.0158289777909,0.0652173913043,0.0338153065075
0.665828544406,0.58708140012,0.79821829953
0.883489607635,0.900497512438,0.988595220854
0.988800173626,0.973904422637,0.88817666898
0.223608753831,0.607142857143,0.876658334936
0.877496126023,0.908589572193,0.983247219907
0.731864325809,0.83037133918,0.934652727639
0.619288487882,0.969543147208,0.987010476669
0.0664251207729,0.5,0.144465290807
0.907772906833,0.981395348837,0.979493723996
0.970972730529,0.985956440327,0.993867619126
1.0,1.0,1.0
0.337456935092,0.714165704685,0.90717178794
0.984137675564,0.89932885906,0.987571269118
0.947905820553,0.865591397849,0.840023877033
0.0475611240392,0.181818181818,0.453551912568
0.816989919564,0.828125,0.996802251215
0.654968134621,0.903100775194,0.987249502476
0.155876191369,0.448,0.924677215432
0.855039530156,0.933333333333,0.268253968254
0.982432209102,0.914285714286,0.956048691156
0.785076533345,0.800251952447,0.964908229885
0.717050067348,0.82496878238,0.830433607662
0.41502673048,0.403334039698,0.87751938191
0.585638853763,0.526315789474,0.902928655314
0.439627286255,0.704324699352,0.835746168225
0.976623560005,0.992189394552,0.998130777841
0.634015733994,0.823706577975,0.934352727887
0.239001271845,0.212435233161,0.881255504844
0.73874659893,0.645883084577,0.880929212463
0.686666695472,0.805714285714,0.916390196918
0.932340045701,0.938129534643,0.997481557984
0.736563505355,0.791743759818,0.949664383997
0.0597224481378,0.188118811881,0.396017699115
0.765010784381,0.967219348278,0.974622412854
0.984939685767,0.982791586998,0.973766662341
0.741573114459,0.705787037037,0.837525409427
0.830142655526,0.850515463918,0.946976998905
0.608305702482,0.645833333333,0.972205181445
0.708766026073,0.836734693878,0.96479082121
0.663209676891,0.807692307692,0.961672850836
0.573150808249,0.801484230056,0.841075482768
0.961290718506,0.976109215017,0.977551125889
0.0329525267492,0.173913043478,0.331120060956
0.970827275064,0.956893348198,0.989428193829
0.475518146962,0.575714285714,0.93053172131
0.978214755086,0.986899563319,0.993969693846
0.877227056208,0.89932885906,0.924908807881
0.513195906427,0.612244897959,0.912797535704
0.64113140718,0.878861930529,0.973290932031
0.908976436753,0.830882352941,0.992566035325
0.970379776107,0.90395480226,0.903106912744
0.874398521848,0.882829215086,0.976051865712
0.852520287856,0.596153846154,0.883021307277
0.986041907041,0.983009708738,0.924743993847
0.972866955512,0.993975903614,0.998649338176
0.876786282895,0.891494252874,0.996656604024
0.930175492045,0.986928104575,0.998877810868
0.982973851618,0.971751412429,0.989551603288
0.631753304098,0.7,0.800352282824
0.887160710576,0.971223021583,0.992179633483
0.321523422406,0.525252525253,0.783522897336
0.604725877766,0.769633759492,0.963364292225
0.0,0.0,0.0
0.611695077054,0.63999399865,0.94964108737
0.568056464346,0.482781582953,0.594812662518
0.685327214944,0.8125,0.925150668823
0.941102003951,0.904713100659,0.963291776258
0.806148585361,0.796989271263,0.963533519779
0.552299165491,0.527950310559,0.955968132024
0.900579490102,0.938270559545,0.994315085112
0.855494154543,0.813226744186,0.931408422261
0.668902317461,0.68093385214,0.962154419138
0.561644369196,0.707289212537,0.959536646038
0.97351640501,0.989110707804,0.997507665105
0.763044973511,0.7,0.973352879785
0.341955389485,0.304347826087,0.468796097629
0.800461811586,0.788235294118,0.994146581407
0.851754488896,0.966101694915,0.996117374748
0.974891889977,0.986928104575,0.996623457269
0.911977087664,0.703947368421,0.958859432512
1.0,1.0,1.0
0.364414039988,0.291666666667,0.944119558155
0.896533057049,0.840425531915,0.96977190642
0.974626792711,0.989270209827,0.995634742953
0.991132245615,0.977722772277,0.928458913101
0.458329904617,0.788235294118,0.99108663185
0.792066543189,0.706543055803,0.972497260993
0.897649844669,0.851661433804,0.992363046377
0.964844165616,0.985711369667,0.985467439654
0.500101661767,0.438775510204,0.881358385578
0.663627703358,0.736,0.97763349827
0.200996433222,0.390243902439,0.861810322909
0.985851005157,0.982716049383,0.984083433614
0.979456255098,0.988023873223,0.99786721317
0.691479602203,0.779393993247,0.987659886334
0.981601808823,0.979002624672,0.96914024976
0.285947745537,0.434782608696,0.737833380728
0.501371630061,0.646530669443,0.914966563262
0.966754186779,0.931032809163,0.752459464215
0.888808922766,0.923076923077,0.995362054637
0.941822225081,0.815384615385,0.971037319794
0.990122162048,0.970695577501,0.990152735601
0.555088137103,0.834274952919,0.934770350625
0.947718479993,0.927845402484,0.998084328987
0.745062279866,0.900262467192,0.964028276741
0.966830583588,0.994535519126,0.999013535787
0.083245729762,0.464285714286,0.848474661736
0.201967566477,0.35632183908,0.687413289562
0.570374243089,0.640776699029,0.951933928388
0.747578935873,0.297297297297,0.716460513796
0.630821735734,0.690909090909,0.978666478913
0.802601217154,0.822888283379,0.975635615683
0.846831748703,0.896106188337,0.975437637791
0.98815077902,0.985472154964,0.97738742552
0.834383921384,0.829875518672,0.946350894152
0.983001026013,0.985212569316,0.974638660855
0.969711985705,0.957707439199,0.993792609957
0.423591525511,0.367088607595,0.942387399834
0.854956941145,0.859030837004,0.922099087353
0.973043093394,0.971074380165,0.994861427007
0.983722456277,0.981818181818,0.948465581652
0.667200477283,0.561403508772,0.711166442885
0.863360805481,0.949505676991,0.920341527495
0.489805034013,0.648148148148,0.878804110626
0.000463940952469,0.0196078431373,0.00620718450158
0.156914673218,0.404970760234,0.839448233014
0.677155875227,0.883040935673,0.972708587677
0.971460130414,0.985611510791,0.996721355713
0.56537902305,0.279069767442,0.494087970992
0.452440395978,0.732635539263,0.857290481385
0.73991821744,0.661417322835,0.92744060723
0.875143718427,0.667796610169,0.91904054252
0.86875795814,0.849890971393,0.96802748245
0.595496397023,0.856074551312,0.996343107454
0.976886648047,0.989473684211,0.653393875888
0.515039099551,0.357142857143,0.482505309334
0.621024901452,0.821229050279,0.892078320615
0.192869309948,0.4,0.577519379845
0.856156000121,0.958015267176,0.979118261228
0.409580769422,0.575301204819,0.919004188501
0.644966256327,0.842261904762,0.979778608193
0.746890496045,0.720430107527,0.735017661934
0.795164596366,0.829787234043,0.865635761159
0.342297996427,0.631578947368,0.742440604752
0.7289633576,0.7969348659,0.974649800065
0.599564934948,0.697916666667,0.937326538612
0.92784096665,0.935,0.997599387163
0.82520198089,0.883441969944,0.996093521874
0.949637135373,0.950953678474,0.994057785369
0.412901623026,0.717056650246,0.894124934864
0.283929626958,0.550279955207,0.911551114573
0.87778481901,0.878571428571,0.874050820157
0.968988511761,0.988443396226,0.996208297763
0.375385000641,0.688775510204,0.860062432933
0.704727805009,0.843803719331,0.912028004483
0.987906844729,0.953488372093,0.982995776021
0.928122014511,0.978933688348,0.983110649545
0.604378850545,0.839285714286,0.983436853002
0.789608893848,0.915611814346,0.977396533428
0.774391807673,0.699323552265,0.64810303601
0.774402349182,0.863174246861,0.864265724133
0.415526275066,0.675675675676,0.967006764999
0.285540105487,0.232142857143,0.783495979534
0.597275108505,0.584345479082,0.885644228041
0.945797195756,0.949404761905,0.994336137903
0.972978051757,0.82,0.949776907172
0.680599766251,0.833333333333,0.960473799408
0.856372261018,0.858974358974,0.972309003124
0.654253698559,0.633656085305,0.954329122624
0.89133659581,0.956,0.937673445248
0.987297050544,0.983908045977,0.984040427111
0.0897846249669,0.161290322581,0.156477846326
0.563244274752,0.596638655462,0.758550258572
0.932288581821,0.894103828531,0.959108479548
0.813068591588,0.795180722892,0.994076614317
0.985771883329,0.981132075472,0.980827558724
0.858254298255,0.768595041322,0.945714989944
0.841087614032,0.936241610738,0.9951996235
0.889968066535,0.909090909091,0.902073092541
0.174224797443,0.265306122449,0.755263794773
0.521223478558,0.538117420881,0.65093895738
0.788962794185,0.85910652921,0.957506208787
0.0,0.0,0.0
0.72492959609,0.931472081218,0.977353958768
0.365058613237,0.488372093023,0.825383689437
0.21932244059,0.478130953313,0.426192433056
9.28865770452e-05,0.025641025641,0.0124242424242
0.0,0.0,0.0
0.955413603644,0.947719113913,0.992475918763
0.653568913085,0.740458967324,0.907082470189
0.773771904542,0.920679250128,0.97379332383
0.468210814794,0.58064516129,0.534754402224
0.984512111451,0.914027149321,0.995758738278
0.525043645528,0.746991356383,0.903743228713
0.897547817899,0.869273879142,0.94925139763
0.936090449183,0.949664547279,0.991724762858
0.975540238571,0.979865771812,0.980542728169
0.916759301395,0.596875,0.901236873425
0.986102360848,0.981770833333,0.976288569425
0.666388025708,0.692660550459,0.961770086903
0.985509588618,0.990654205607,0.995079232694
0.0,0.0,0.0
0.72726821529,0.466666666667,0.971452400565
0.424193895186,0.725563909774,0.838995004408
0.597714413895,0.699614058397,0.932704858517
0.99437979738,0.972412480974,0.972773060076
0.507426897243,0.285714285714,0.426639379272
0.733281630027,0.678748132935,0.947651661532
0.885805352531,0.6,0.943714821764
0.291639461785,0.367996987952,0.594575763501
0.956221114435,0.889250814332,0.942680187018
0.981060808821,0.978798321846,0.967505798441
0.650765679338,0.690909090909,0.961795703283
0.808695283243,0.933943429124,0.985723343111
0.973105590698,0.995198016948,0.985517758316
0.194764551292,0.433333333333,0.726545737794
0.317818938603,0.576158940397,0.871089836358
0.963381617834,0.958823529412,0.997418970566
0.974926898149,0.986988847584,0.980191062238
0.838436496554,0.881818181818,0.986924490559
0.880672192088,0.95,0.988323337402
0.0,0.0,0.0
0.557723612449,0.705965909091,0.956699138881
0.995582322479,0.981553108161,0.97997723557
0.709655241691,0.715339833064,0.873373689481
0.124217955131,0.11914893617,0.669595028927
0.941404745067,0.955357142857,0.905619447696
0.783488293541,0.714285714286,0.771332598015
0.0,0.0,0.0
0.0565144766147,0.25,0.258620689655
0.812868302763,0.947690120824,0.976514736968
0.990919188779,0.973643410853,0.9840382553
0.563188260901,0.6875,0.83541725747
0.639334917237,0.241379310345,0.473654778178
0.994951673935,0.987878787879,0.997361020982
0.371490283046,0.437455154269,0.937437586586
0.98739261933,0.97213622291,0.96699657787
0.992820978395,0.978571428571,0.957409833166
0.920181225257,0.838207046454,0.901815106779
0.664692405675,0.65759657507,0.955847271577
0.568656645195,0.751344086022,0.944757466795
0.98536060435,0.986564299424,0.97637789025
0.826159136956,0.84380952381,0.99216096926
0.808548975289,0.474272930649,0.87536665669
0.507691292391,0.670454545455,0.975373936038
0.620157558803,0.689994182664,0.925215383773
0.979148026097,0.992792769395,0.999448511063
0.363253099782,0.340579710145,0.822117468574
0.964558512336,0.988033968091,0.953982866955
0.979694858344,0.992877131534,0.985847668583
0.29409094751,0.545454545455,0.826784101174
0.880799270502,0.960869565217,0.981464240372
0.574917246931,0.638190954774,0.937793474335
0.766024762587,0.551515151515,0.981298986505
0.978783602239,0.972307692308,0.992739260156
0.553778026202,0.936170212766,0.973286815247
0.724630918147,0.712878217673,0.985883727925
0.597602821124,0.757446808511,0.688790469746
0.91786288583,0.894736842105,0.850071225071
0.875790837457,0.914675767918,0.991103149274
0.974494773581,0.965189873418,0.990305087835
0.722656761082,0.473214285714,0.941473635535
0.966517798069,0.987611379935,0.997510229431
0.963378956646,0.93984962406,0.915329359621
0.628354627674,0.669291338583,0.791063721757
0.973608739351,0.960664305608,0.99538563788
0.778715087945,0.793103448276,0.774774006481
0.972262511924,0.969275498978,0.979867786403
0.802520324691,0.869369369369,0.949287731604
0.620528918403,0.505555555556,0.740263191975
0.753858074291,0.79932885906,0.927459817393
0.994039124823,0.970873786408,0.991832323974
0.562099948011,0.732147562582,0.797614876045
0.940224532914,0.950738916256,0.994447248864
0.16183615731,0.216216216216,0.424567747768
0.314334051826,0.594594594595,0.878984603355
0.660095763272,0.707224334601,0.881900042036
0.965384019822,0.94802759862,0.993048370944
0.663988823332,0.65,0.890587464512
0.0,0.0,0.0
0.840489495647,0.864909954866,0.976711238316
0.832993664747,0.937571503416,0.981481895075
0.987391763974,0.983333333333,0.982140107775
0.98316651677,0.986000122377,0.969802411699
0.997686640227,0.985294117647,0.995951129422
0.586032171151,0.571428571429,0.81857031857
0.870287743267,0.942196531792,0.839378026603
0.983669649604,0.906976744186,0.871892817972
0.645598894554,0.652173913043,0.941309850398
0.804697345731,0.923295454545,0.981476681355
1.0,1.0,1.0
0.847688708324,0.944398908355,0.993400621459
0.44957459662,0.526627218935,0.947684716599
0.995870318106,0.98070719603,0.96535371823
0.988492522288,0.981958762887,0.972237696263
0.968493631957,0.984555984556,0.987638908786
0.982443065452,0.978328173375,0.972789620936
0.974883779898,0.979865771812,0.993017882258
0.577872334678,0.674513373477,0.919705591497
0.426672813358,0.301886792453,0.506435917965
0.833299470383,0.721031344793,0.918355885572
0.918290226185,0.812182741117,0.945367192862
0.0,0.0,0.0
0.861430275542,0.855924344375,0.955578707448
0.845511039719,0.913533834586,0.962304067699
0.982951823488,0.981762917933,0.968394241729
0.748537669036,0.684210526316,0.936429794521
0.346657302618,0.145299145299,0.306755260244
0.878110182716,0.964285714286,0.986126935192
0.983759853098,0.96805866269,0.990324811961
0.597844153328,0.812059082892,0.972840477652
1.0,1.0,1.0
0.621269368039,0.707224334601,0.816905621675
0.565659500046,0.658116883117,0.728762446348
0.947531491127,0.936936936937,0.98988365214
0.983274573811,0.980327868852,0.9749914102
0.965698196097,0.9765625,0.966254027472
0.00502126753598,0.0151228733459,0.13097199341
0.866519243739,0.769230769231,0.812056142705
0.0,0.0,0.0
0.580637079463,0.693181818182,0.977844931823
0.991968422684,0.981029810298,0.982463598682
0.584390871578,0.668571428571,0.917320595136
0.960659340516,0.957888712476,0.996972096407
0.764279856405,0.763265306122,0.706493822787
0.928344163228,0.966507177033,0.886201452479
0.973969557884,0.962180001784,0.985812094006
0.885912640417,0.96186440678,0.978561504756
0.327185114139,0.445255474453,0.484421478829
0.558152160863,0.647092490842,0.942540991559
0.97500000823,0.977561282212,0.99514062364
0.731210335495,0.912052117264,0.980416634158
0.841681449382,0.955357142857,0.977929373997
0.806973005578,0.873737241586,0.9481969768
0.325862627697,0.402597402597,0.741853788225
0.737853991515,0.907407407407,0.981280024127
0.97614094126,0.942307692308,0.953796416865
0.987829358602,0.981157162524,0.979740212109
0.979924364185,0.982206405694,0.967533051533
0.820288909436,0.706614509246,0.876862743369
0.823535600077,0.931567099567,0.983250679036
0.830960541896,0.933333333333,0.955588552916
0.951765131917,0.945252557545,0.996531252938
0.630982792693,0.650612914807,0.89246639811
0.854173815789,0.94308677818,0.877218974928
0.777424177607,0.933333333333,0.985311432945
0.53480049186,0.669565217391,0.967323986474
0.9823878004,0.978647686833,0.985167771614
0.336801582568,0.225225225225,0.758746753039
0.58764992156,0.845108695652,0.895841116305
0.985167343863,0.983568075117,0.982802018624
0.853458179518,0.925930519908,0.983993435642
0.944659560896,0.956097560976,0.987419524373
0.506642048379,0.70812387275,0.888911071213
0.85944421161,0.96015936255,0.986161777563
0.841617839681,0.953883126739,0.983440226605
0.273148728583,0.316563146998,0.744503989506
0.981382184219,0.978260869565,0.956865158742
0.673551369931,0.771317829457,0.965747126437
0.860036061314,0.785714285714,0.942199076459
0.523992898772,0.639455782313,0.969563153579
0.872383737008,0.921875,0.989343390545
0.633798868915,0.728476821192,0.975329024219
0.929411835501,0.969529085873,0.992991556092
0.814471577973,0.930395726473,0.98575759971
