	image_size	javascript_size	css_size	html_size	xml_size	audio_size	video_size	image_number	javascript_number	css_number	html_number	xml_number	audio_number	video_number	load_time	load_time_std	server_number	service_number	total_number	total_size
0	1421383.0	453290.0	15487.0	181751.0	0.0	0.0	0.0	151.0	31.0	2.0	33.0	0.0	0.0	0.0	6.3500000000000005	1.7483036222451627	47.0	16.0	217.0	2071911.0
1	1059792.0	262455.0	19387.0	242395.0	0.0	0.0	0.0	134.0	43.0	5.0	154.5	0.0	0.0	0.0	5.516	0.72307944930000601	33.5	19.0	336.5	1584029.0
2	6824537.0	870205.0	18028.0	343689.0	0.0	0.0	0.0	318.0	128.0	2.0	52.0	0.0	0.0	0.0	7.3799999999999999	1.4314245429718686	65.0	30.0	500.0	8056459.0
3	571416.0	241182.5	7511.0	546300.0	0.0	0.0	0.0	100.0	9.5	2.0	12.0	0.0	0.0	0.0	3.9470000000000001	1.2875674739601026	11.0	4.0	123.5	1366409.5
4	1309255.5	159289.0	36324.0	139701.0	0.0	0.0	0.0	118.0	31.0	2.0	4.0	0.0	0.0	0.0	6.7089999999999996	1.0198626819332102	22.0	12.0	155.0	1644569.5
5	0.0	0.0	0.0	-1.0	0.0	0.0	0.0	0.0	0.0	0.0	1.0	0.0	0.0	0.0	0.151	0.059074613837078953	1.0	1.0	1.0	-1.0
6	4238197.5	151363.0	29117.0	31470.0	0.0	0.0	0.0	102.0	14.0	2.0	47.0	0.0	0.0	0.0	4.6715	2.7967213679592753	18.0	7.0	165.0	4450147.5
7	2523353.5	586555.0	36900.5	325222.0	32901.0	0.0	0.0	182.5	61.5	1.5	90.5	1.5	0.0	0.0	8.4544999999999995	1.3208436165477733	53.0	16.5	337.5	3504932.0
8	1410833.5	214841.5	742.0	59711.5	0.0	0.0	0.0	72.5	23.0	1.0	12.5	0.0	0.0	0.0	1.532	0.11059041549790834	9.0	5.0	109.0	1686128.5
9	14905293.5	257559.0	952.0	246465.5	0.0	0.0	0.0	136.0	29.0	1.0	18.0	0.0	0.0	0.0	2.4664999999999999	1.1239395001511425	20.0	7.5	184.0	15410270.0
10	2939360.0	126970.0	0.0	58450.0	0.0	0.0	0.0	68.0	31.0	0.0	7.0	0.0	0.0	0.0	6.1710000000000003	3.7337956691235035	27.0	10.0	106.0	3124780.0
11	2010535.0	672104.0	5545.0	170218.5	0.0	0.0	0.0	185.5	31.0	3.0	27.0	0.0	0.0	0.0	4.2809999999999997	0.6199894273292087	34.5	19.0	246.5	2858402.5
13	297822.0	55935.0	4593.0	14167.0	0.0	0.0	0.0	10.0	6.0	1.0	9.0	0.0	0.0	0.0	1.4655	1.3520595992780791	8.0	3.0	26.0	372517.0
14	2810330.0	77782.0	4682.0	24648.0	0.0	0.0	0.0	56.0	7.0	2.0	3.0	0.0	0.0	0.0	4.1420000000000003	2.7078271732147159	14.0	13.0	68.0	2917442.0
15	2518634.0	213940.0	0.0	244815.0	0.0	0.0	0.0	156.0	47.0	0.0	56.0	0.0	0.0	0.0	6.2880000000000003	3.5165920687190568	48.0	16.0	259.0	2977389.0
16	3608980.0	173582.0	15819.0	59138.0	0.0	0.0	0.0	145.0	43.0	2.0	15.0	0.0	0.0	0.0	4.9260000000000002	1.2827204693420684	35.0	14.0	205.0	3857519.0
17	1172044.5	159762.0	29733.0	84192.0	0.0	0.0	0.0	108.0	17.0	2.0	8.0	0.0	0.0	0.0	5.9324999999999992	1.9615951901450004	19.0	7.0	135.0	1445731.5
18	0.0	0.0	0.0	438.0	0.0	0.0	0.0	0.0	0.0	0.0	2.0	0.0	0.0	0.0	0.2465	0.05789205472256103	2.0	2.0	2.0	438.0
19	1885423.0	151980.0	7614.0	20236.5	0.0	0.0	0.0	86.0	5.0	6.0	2.0	0.0	0.0	0.0	4.7904999999999998	1.2265494894214419	6.0	2.0	99.0	2065253.5
20	1158646.5	319595.0	12169.0	39883.5	182.0	0.0	0.0	59.5	26.0	3.0	18.0	1.0	0.0	0.0	8.1304999999999996	3.1512595640473666	21.0	6.0	107.5	1530476.0
21	750381.0	118980.5	6847.0	23598.5	0.0	0.0	0.0	46.0	24.0	1.0	4.0	0.0	0.0	0.0	1.6135000000000002	1.8214980236058451	12.5	16.0	75.0	899807.0
22	8009497.0	72372.0	35391.0	83294.0	0.0	0.0	0.0	171.5	8.0	5.0	3.0	0.0	0.0	0.0	2.7480000000000002	1.6147702499117327	11.5	8.0	187.5	8200554.0
23	572901.0	257939.0	0.0	196821.0	0.0	0.0	0.0	57.0	8.0	0.0	17.0	0.0	0.0	0.0	2.101	0.67084348968617202	13.0	10.0	82.0	1027661.0
24	18126689.0	206172.0	45438.0	212636.0	0.0	0.0	0.0	173.0	18.0	3.0	32.0	0.0	0.0	0.0	3.7320000000000002	1.1103120355677185	9.0	4.0	226.0	18590935.0
25	4429319.5	85264.0	5337.0	28914.0	0.0	0.0	0.0	82.5	6.0	2.0	17.0	0.0	0.0	0.0	0.96150000000000002	0.73630113404774811	4.0	2.0	107.5	4548834.5
26	1911065.0	206049.0	5614.0	62869.0	0.0	0.0	0.0	133.0	39.0	1.0	18.0	0.0	0.0	0.0	1.8109999999999999	1.0272481037542325	24.0	14.0	191.0	2185597.0
27	2314822.5	434312.5	8780.0	119723.5	0.0	0.0	0.0	116.5	33.5	3.0	34.5	0.0	0.0	0.0	4.3700000000000001	2.560808622291014	30.0	14.0	187.5	2877638.5
28	4262043.5	558871.0	95295.0	43040.0	0.0	0.0	0.0	158.5	106.0	3.0	6.0	0.0	0.0	0.0	2.194	1.4863989000265037	12.0	7.0	273.5	4959249.5
29	652195.0	201121.0	130000.0	60096.0	0.0	0.0	0.0	105.0	23.0	2.0	8.0	0.0	0.0	0.0	2.8839999999999999	0.0	13.0	11.0	138.0	1043412.0
