	image_size	javascript_size	css_size	html_size	xml_size	audio_size	video_size	image_number	javascript_number	css_number	html_number	xml_number	audio_number	video_number	load_time	load_time_std	server_number	service_number	total_number	total_size
0	1343501.0	454911.0	15487.0	182005.0	0.0	0.0	0.0	152.0	32.0	2.0	33.0	0.0	0.0	0.0	7.0639999999999992	2.1858654019759669	47.0	16.0	219.0	1995904.0
1	953974.5	262691.0	19387.0	239430.0	0.0	0.0	0.0	132.5	43.0	5.0	154.5	0.0	0.0	0.0	7.7539999999999996	0.91964425730822652	36.0	19.0	335.0	1475482.5
2	8304773.0	804769.0	18028.0	264024.0	0.0	0.0	0.0	188.0	124.0	2.0	31.0	0.0	0.0	0.0	10.009	6.0350452819805378	57.0	30.0	345.0	9391594.0
3	577764.5	244700.0	7511.0	541604.5	0.0	0.0	0.0	100.5	10.0	2.0	11.0	0.0	0.0	0.0	5.0779999999999994	1.2481484527090521	12.0	5.0	123.5	1371580.0
4	1345736.0	159282.0	36324.0	139297.0	0.0	0.0	0.0	118.0	31.0	2.0	3.0	0.0	0.0	0.0	7.0194999999999999	3.9311923140441754	22.0	13.0	154.0	1680639.0
5	14421.5	0.0	0.0	62793.5	0.0	0.0	0.0	5.0	0.0	0.0	2.0	0.0	0.0	0.0	0.51049999999999995	0.1033887808226792	4.0	1.0	7.0	77215.0
6	4573033.0	151427.0	29117.0	31482.0	0.0	0.0	0.0	103.0	14.0	2.0	47.0	0.0	0.0	0.0	6.1100000000000003	0.90461397537537758	19.0	8.0	166.0	4785059.0
7	2227342.0	500222.5	36493.0	289110.5	32810.0	0.0	0.0	167.0	56.0	1.0	81.5	1.0	0.0	0.0	11.936999999999999	3.0952803685611414	55.5	18.5	306.5	3085978.0
8	2000326.5	214628.0	742.0	61282.5	0.0	0.0	0.0	77.5	23.0	1.0	16.0	0.0	0.0	0.0	2.7454999999999998	0.81737964863336299	9.0	6.0	117.5	2276979.0
9	14444433.0	257569.5	952.0	246281.5	0.0	0.0	0.0	137.0	29.0	1.0	18.0	0.0	0.0	0.0	4.0079999999999991	1.6009557645356727	20.5	9.0	185.0	14949236.0
10	5263441.0	127039.0	0.0	58553.0	0.0	0.0	0.0	68.0	31.0	0.0	6.0	0.0	0.0	0.0	7.7624999999999993	2.4151169970365824	26.0	11.0	105.0	5449033.0
11	2027107.5	670476.5	5545.0	169480.0	0.0	0.0	0.0	187.5	31.0	3.0	26.5	0.0	0.0	0.0	6.2885	4.7886869400703151	35.0	20.0	248.0	2872609.0
13	277764.0	55935.0	4593.0	14167.0	0.0	0.0	0.0	10.0	6.0	1.0	9.0	0.0	0.0	0.0	1.6789999999999998	0.88473863058218749	9.0	3.0	26.0	352459.0
14	2785036.0	77782.0	4682.0	24760.0	0.0	0.0	0.0	55.0	7.0	2.0	3.0	0.0	0.0	0.0	6.0999999999999996	4.6903458873743924	13.0	14.0	67.0	2892260.0
15	2444578.0	191347.0	0.0	229818.0	0.0	0.0	0.0	152.0	46.0	0.0	55.0	0.0	0.0	0.0	8.2939999999999987	0.91174667534354092	46.0	16.0	253.0	2865743.0
16	3601767.0	173578.0	15819.0	58864.0	0.0	0.0	0.0	146.0	43.0	2.0	14.0	0.0	0.0	0.0	6.3949999999999996	1.1760787955461716	37.0	15.0	205.0	3850028.0
17	1192251.0	159798.0	29733.0	84531.0	0.0	0.0	0.0	113.0	17.0	2.0	7.0	0.0	0.0	0.0	7.4409999999999998	0.50969119191046541	19.0	8.0	139.0	1466313.0
18	0.0	0.0	0.0	438.0	0.0	0.0	0.0	0.0	0.0	0.0	2.0	0.0	0.0	0.0	0.44500000000000001	0.042302555157336615	2.0	2.0	2.0	438.0
19	1904088.0	151980.0	7614.0	20333.0	0.0	0.0	0.0	86.0	5.0	6.0	1.0	0.0	0.0	0.0	4.4909999999999997	1.5203916162182247	6.0	3.0	98.0	2084015.0
20	1167589.0	284521.0	11890.0	39909.0	182.0	0.0	0.0	57.0	23.0	3.0	16.0	1.0	0.0	0.0	9.2850000000000001	1.4661262724996031	21.0	7.0	100.0	1504091.0
21	874657.0	118981.0	6847.0	23635.0	0.0	0.0	0.0	46.0	24.0	1.0	3.0	0.0	0.0	0.0	3.056	0.64565453438954312	13.0	16.0	74.0	1024120.0
22	8096977.0	72391.0	35391.0	82948.0	0.0	0.0	0.0	177.0	8.0	5.0	3.0	0.0	0.0	0.0	3.7869999999999999	4.1784845235539949	12.0	9.0	193.0	8287707.0
23	559503.0	257939.0	0.0	196324.0	0.0	0.0	0.0	57.0	8.0	0.0	16.0	0.0	0.0	0.0	2.1310000000000002	0.69676072375876608	13.0	10.0	81.0	1013766.0
24	17826644.0	204549.5	43909.5	211348.0	0.0	0.0	0.0	172.0	17.0	2.5	30.5	0.0	0.0	0.0	5.6180000000000003	0.84113389078209322	11.0	5.0	222.0	18286451.0
25	4481369.0	85264.0	5337.0	28866.0	0.0	0.0	0.0	82.0	6.0	2.0	17.0	0.0	0.0	0.0	1.3159999999999998	0.98335728784382104	5.0	3.0	107.0	4600836.0
26	1945041.0	205929.0	5614.0	66090.0	0.0	0.0	0.0	134.0	39.0	1.0	26.0	0.0	0.0	0.0	3.984	1.2151003616528506	26.0	15.0	200.0	2222674.0
27	2193088.5	432877.0	8780.0	120317.5	0.0	0.0	0.0	118.5	32.0	3.0	35.5	0.0	0.0	0.0	6.4559999999999995	1.8881724588540634	31.0	15.0	189.0	2755063.0
28	4078048.0	613645.0	110655.0	42973.0	0.0	0.0	0.0	159.0	112.0	4.0	6.0	0.0	0.0	0.0	3.5299999999999998	0.35156710895469939	13.0	8.0	281.0	4845321.0
29	644521.0	212458.0	130000.0	58394.0	0.0	0.0	0.0	105.0	23.0	2.0	7.0	0.0	0.0	0.0	4.0490000000000004	0.80723891548083004	17.0	13.0	137.0	1045373.0
